%OpenBCI Raw EEG Data
%Number of channels = 8
%Sample Rate = 250.0 Hz
%First Column = SampleIndex
%Last Column = Timestamp 
%Other Columns = EEG data in microvolts followed by Accel Data (in G) interleaved with Aux Data
0, 0.00, -27.87, -24.01, -23.94, -29.53, -15.96, -23.20, -20.21, 0.020, 0.478, 0.138, 20:19:08.062, 1541899148062
1, 0.00, -27.76, -24.07, -24.05, -29.71, -15.96, -23.07, -20.07, 0.000, 0.000, 0.000, 20:19:08.542, 1541899148542
2, 0.00, -27.54, -23.83, -24.10, -29.53, -15.91, -22.93, -20.14, 0.000, 0.000, 0.000, 20:19:08.543, 1541899148543
3, 0.00, -27.76, -23.94, -24.01, -29.37, -16.18, -22.98, -20.09, 0.000, 0.000, 0.000, 20:19:08.543, 1541899148543
4, 0.00, -27.69, -24.21, -23.92, -29.26, -16.07, -23.07, -20.03, 0.000, 0.000, 0.000, 20:19:08.543, 1541899148543
5, 0.00, -27.89, -24.27, -23.69, -29.33, -16.00, -23.07, -19.98, 0.000, 0.000, 0.000, 20:19:08.543, 1541899148543
6, 0.00, -28.03, -24.10, -23.87, -29.55, -16.05, -23.13, -20.12, 0.000, 0.000, 0.000, 20:19:08.544, 1541899148544
7, 0.00, -27.98, -24.16, -23.72, -29.55, -15.96, -23.18, -20.03, 0.026, 0.712, 0.218, 20:19:08.553, 1541899148553
8, 0.00, -27.92, -24.18, -23.60, -29.50, -15.96, -23.11, -20.16, 0.000, 0.000, 0.000, 20:19:08.554, 1541899148554
9, 0.00, -27.85, -24.12, -23.69, -29.71, -16.00, -23.18, -19.96, 0.000, 0.000, 0.000, 20:19:08.554, 1541899148554
10, 0.00, -27.63, -24.05, -24.03, -29.66, -16.07, -23.16, -19.78, 0.000, 0.000, 0.000, 20:19:08.555, 1541899148555
11, 0.00, -27.76, -24.05, -24.14, -29.48, -16.00, -23.02, -19.69, 0.000, 0.000, 0.000, 20:19:08.556, 1541899148556
12, 0.00, -27.69, -23.89, -24.12, -29.53, -16.21, -23.04, -19.89, 0.000, 0.000, 0.000, 20:19:08.558, 1541899148558
13, 0.00, -27.85, -23.87, -23.92, -29.39, -16.03, -23.02, -19.98, 0.000, 0.000, 0.000, 20:19:08.558, 1541899148558
14, 0.00, -27.83, -23.87, -23.94, -29.30, -15.89, -23.00, -20.03, 0.000, 0.000, 0.000, 20:19:08.559, 1541899148559
15, 0.00, -27.87, -23.89, -24.16, -29.57, -15.83, -22.78, -19.94, 0.000, 0.000, 0.000, 20:19:08.560, 1541899148560
16, 0.00, -27.85, -24.01, -24.01, -29.55, -15.91, -22.80, -19.92, 0.000, 0.000, 0.000, 20:19:08.560, 1541899148560
17, 0.00, -27.74, -23.85, -23.85, -29.46, -16.07, -22.80, -19.87, 0.034, 0.776, 0.254, 20:19:08.561, 1541899148561
18, 0.00, -27.65, -23.96, -23.83, -29.46, -16.09, -23.29, -19.76, 0.000, 0.000, 0.000, 20:19:08.561, 1541899148561
19, 0.00, -27.92, -23.98, -24.10, -29.44, -16.05, -23.29, -20.03, 0.000, 0.000, 0.000, 20:19:08.561, 1541899148561
20, 0.00, -28.14, -23.94, -23.98, -29.41, -16.18, -23.16, -19.62, 0.000, 0.000, 0.000, 20:19:08.561, 1541899148561
21, 0.00, -27.92, -23.80, -23.96, -29.37, -15.91, -23.16, -19.60, 0.000, 0.000, 0.000, 20:19:08.561, 1541899148561
22, 0.00, -27.69, -23.78, -23.83, -29.44, -15.85, -23.11, -19.89, 0.000, 0.000, 0.000, 20:19:08.561, 1541899148561
23, 0.00, -27.85, -23.76, -23.74, -29.48, -15.83, -23.25, -20.00, 0.000, 0.000, 0.000, 20:19:08.561, 1541899148561
24, 0.00, -28.07, -23.87, -23.92, -29.64, -15.94, -23.20, -19.94, 0.000, 0.000, 0.000, 20:19:08.562, 1541899148562
25, 0.00, -27.89, -23.92, -24.03, -29.59, -15.83, -23.00, -20.03, 0.000, 0.000, 0.000, 20:19:08.562, 1541899148562
26, 0.00, -27.63, -24.27, -23.96, -29.39, -16.07, -23.22, -20.09, 0.000, 0.000, 0.000, 20:19:08.578, 1541899148578
27, 0.00, -27.72, -24.07, -23.72, -29.24, -16.05, -23.07, -20.05, 0.026, 0.814, 0.280, 20:19:08.579, 1541899148579
28, 0.00, -27.87, -24.07, -23.94, -29.33, -15.96, -23.11, -20.07, 0.000, 0.000, 0.000, 20:19:08.579, 1541899148579
29, 0.00, -28.14, -23.69, -23.94, -29.48, -16.03, -23.27, -19.87, 0.000, 0.000, 0.000, 20:19:08.579, 1541899148579
30, 0.00, -28.25, -23.83, -23.96, -29.37, -16.07, -23.13, -20.00, 0.000, 0.000, 0.000, 20:19:08.579, 1541899148579
31, 0.00, -28.07, -23.74, -24.05, -29.30, -16.14, -23.16, -20.07, 0.000, 0.000, 0.000, 20:19:08.579, 1541899148579
32, 0.00, -27.89, -23.65, -23.89, -29.75, -15.91, -23.16, -19.96, 0.000, 0.000, 0.000, 20:19:08.579, 1541899148579
33, 0.00, -27.83, -23.54, -23.96, -29.66, -15.98, -23.16, -19.94, 0.000, 0.000, 0.000, 20:19:08.579, 1541899148579
34, 0.00, -27.92, -23.85, -24.05, -29.66, -16.00, -23.34, -20.03, 0.000, 0.000, 0.000, 20:19:08.579, 1541899148579
35, 0.00, -27.76, -23.87, -23.74, -29.71, -15.96, -23.16, -19.83, 0.000, 0.000, 0.000, 20:19:08.580, 1541899148580
36, 0.00, -27.96, -23.74, -23.72, -29.59, -15.78, -22.87, -19.76, 0.000, 0.000, 0.000, 20:19:08.580, 1541899148580
37, 0.00, -27.92, -23.67, -24.12, -29.48, -15.74, -23.11, -19.94, 0.006, 0.886, 0.290, 20:19:08.580, 1541899148580
38, 0.00, -27.74, -24.01, -24.21, -29.59, -16.07, -23.04, -20.21, 0.000, 0.000, 0.000, 20:19:08.580, 1541899148580
39, 0.00, -27.49, -24.14, -23.98, -29.53, -16.21, -23.00, -20.18, 0.000, 0.000, 0.000, 20:19:08.580, 1541899148580
40, 0.00, -27.63, -23.96, -24.07, -29.55, -16.32, -22.96, -20.16, 0.000, 0.000, 0.000, 20:19:08.580, 1541899148580
41, 0.00, -27.76, -24.05, -24.12, -29.59, -16.12, -23.00, -20.25, 0.000, 0.000, 0.000, 20:19:08.580, 1541899148580
42, 0.00, -27.83, -24.05, -23.96, -29.64, -16.03, -23.02, -20.09, 0.000, 0.000, 0.000, 20:19:08.580, 1541899148580
43, 0.00, -27.85, -24.01, -23.83, -29.57, -16.09, -23.20, -20.09, 0.000, 0.000, 0.000, 20:19:08.580, 1541899148580
44, 0.00, -27.76, -24.23, -23.85, -29.55, -15.89, -23.16, -20.12, 0.000, 0.000, 0.000, 20:19:08.580, 1541899148580
45, 0.00, -27.85, -24.07, -23.76, -29.55, -15.91, -23.11, -20.16, 0.000, 0.000, 0.000, 20:19:08.580, 1541899148580
46, 0.00, -27.83, -23.96, -23.78, -29.75, -16.05, -23.16, -20.21, 0.000, 0.000, 0.000, 20:19:08.581, 1541899148581
47, 0.00, -27.69, -24.07, -23.96, -29.68, -15.89, -23.11, -20.09, -0.004, 0.884, 0.294, 20:19:08.581, 1541899148581
48, 0.00, -27.63, -23.92, -23.83, -29.50, -15.76, -22.96, -20.16, 0.000, 0.000, 0.000, 20:19:08.581, 1541899148581
49, 0.00, -27.94, -23.83, -23.98, -29.48, -16.03, -22.82, -20.25, 0.000, 0.000, 0.000, 20:19:08.585, 1541899148585
50, 0.00, -28.16, -23.96, -23.98, -29.59, -16.18, -23.22, -20.12, 0.000, 0.000, 0.000, 20:19:08.585, 1541899148585
51, 0.00, -28.01, -24.01, -24.01, -29.48, -16.03, -23.22, -20.07, 0.000, 0.000, 0.000, 20:19:08.585, 1541899148585
52, 0.00, -27.87, -24.01, -23.96, -29.59, -16.09, -23.25, -20.00, 0.000, 0.000, 0.000, 20:19:08.585, 1541899148585
53, 0.00, -27.92, -23.96, -24.01, -29.57, -15.80, -23.11, -19.94, 0.000, 0.000, 0.000, 20:19:08.585, 1541899148585
54, 0.00, -28.10, -24.01, -24.05, -29.48, -15.91, -22.96, -19.89, 0.000, 0.000, 0.000, 20:19:08.585, 1541899148585
55, 0.00, -27.92, -23.98, -23.94, -29.55, -15.91, -22.93, -19.87, 0.000, 0.000, 0.000, 20:19:08.585, 1541899148585
56, 0.00, -27.89, -23.98, -24.12, -29.59, -15.80, -23.07, -19.87, 0.000, 0.000, 0.000, 20:19:08.586, 1541899148586
57, 0.00, -27.89, -23.83, -23.98, -29.55, -15.98, -22.93, -20.03, 0.000, 0.000, 0.000, 20:19:08.586, 1541899148586
58, 0.00, -27.69, -24.01, -24.07, -29.46, -16.12, -23.16, -20.32, 0.010, 0.854, 0.308, 20:19:08.586, 1541899148586
59, 0.00, -27.72, -24.01, -23.87, -29.24, -16.18, -23.11, -20.16, 0.000, 0.000, 0.000, 20:19:08.586, 1541899148586
60, 0.00, -27.74, -23.94, -23.89, -29.48, -16.12, -23.16, -20.21, 0.000, 0.000, 0.000, 20:19:08.586, 1541899148586
61, 0.00, -27.67, -23.89, -23.92, -29.68, -16.12, -23.09, -20.07, 0.000, 0.000, 0.000, 20:19:08.586, 1541899148586
62, 0.00, -27.58, -24.05, -23.92, -29.71, -15.96, -23.13, -20.21, 0.000, 0.000, 0.000, 20:19:08.586, 1541899148586
63, 0.00, -27.58, -23.96, -23.76, -29.44, -15.58, -23.18, -20.30, 0.000, 0.000, 0.000, 20:19:08.586, 1541899148586
64, 0.00, -27.98, -23.98, -23.74, -29.46, -15.89, -23.11, -20.09, 0.000, 0.000, 0.000, 20:19:08.586, 1541899148586
65, 0.00, -27.96, -24.07, -23.87, -29.37, -16.27, -23.18, -20.05, 0.000, 0.000, 0.000, 20:19:08.586, 1541899148586
66, 0.00, -28.03, -24.05, -23.96, -29.50, -16.36, -23.20, -20.09, 0.000, 0.000, 0.000, 20:19:08.587, 1541899148587
67, 0.00, -27.96, -24.05, -24.01, -29.44, -16.07, -23.18, -20.07, 0.000, 0.000, 0.000, 20:19:08.587, 1541899148587
68, 0.00, -27.69, -24.27, -24.07, -29.41, -15.94, -23.13, -20.16, 0.016, 0.912, 0.330, 20:19:08.587, 1541899148587
69, 0.00, -27.76, -24.23, -24.01, -29.53, -16.00, -23.02, -20.05, 0.000, 0.000, 0.000, 20:19:08.587, 1541899148587
70, 0.00, -27.69, -24.14, -24.05, -29.41, -15.83, -23.04, -20.18, 0.000, 0.000, 0.000, 20:19:08.587, 1541899148587
71, 0.00, -27.94, -24.10, -24.25, -29.35, -16.00, -23.16, -20.25, 0.000, 0.000, 0.000, 20:19:08.587, 1541899148587
72, 0.00, -27.85, -24.18, -24.05, -29.48, -16.00, -23.04, -19.98, 0.000, 0.000, 0.000, 20:19:08.587, 1541899148587
73, 0.00, -27.65, -23.94, -24.05, -29.44, -16.03, -23.07, -19.87, 0.000, 0.000, 0.000, 20:19:08.588, 1541899148588
74, 0.00, -27.76, -24.07, -23.78, -29.75, -15.98, -23.07, -20.21, 0.000, 0.000, 0.000, 20:19:08.588, 1541899148588
75, 0.00, -27.85, -24.05, -23.72, -29.64, -16.07, -23.20, -20.18, 0.000, 0.000, 0.000, 20:19:08.588, 1541899148588
76, 0.00, -27.87, -23.89, -23.87, -29.77, -16.07, -23.09, -20.32, 0.000, 0.000, 0.000, 20:19:08.589, 1541899148589
77, 0.00, -27.83, -24.01, -23.85, -29.55, -16.03, -23.09, -20.25, 0.000, 0.000, 0.000, 20:19:08.590, 1541899148590
78, 0.00, -27.96, -23.78, -24.01, -29.37, -16.12, -23.29, -19.92, 0.034, 0.886, 0.352, 20:19:08.590, 1541899148590
79, 0.00, -28.01, -23.67, -23.87, -29.66, -16.18, -23.40, -19.83, 0.000, 0.000, 0.000, 20:19:08.590, 1541899148590
80, 0.00, -27.72, -23.80, -23.96, -29.41, -16.14, -23.09, -19.74, 0.000, 0.000, 0.000, 20:19:08.590, 1541899148590
81, 0.00, -27.69, -24.07, -24.21, -29.41, -15.98, -23.16, -19.76, 0.000, 0.000, 0.000, 20:19:08.590, 1541899148590
82, 0.00, -27.85, -24.12, -24.27, -29.44, -16.09, -23.18, -19.98, 0.000, 0.000, 0.000, 20:19:08.590, 1541899148590
83, 0.00, -27.76, -24.01, -24.16, -29.53, -15.91, -23.16, -20.09, 0.000, 0.000, 0.000, 20:19:08.590, 1541899148590
84, 0.00, -27.89, -24.16, -24.21, -29.66, -15.85, -23.11, -20.21, 0.000, 0.000, 0.000, 20:19:08.590, 1541899148590
85, 0.00, -27.92, -24.12, -23.94, -29.53, -15.80, -23.25, -20.14, 0.000, 0.000, 0.000, 20:19:08.591, 1541899148591
86, 0.00, -27.92, -24.30, -23.89, -29.77, -15.89, -23.36, -19.78, 0.000, 0.000, 0.000, 20:19:08.591, 1541899148591
87, 0.00, -27.87, -23.96, -23.92, -29.64, -15.89, -23.13, -19.80, 0.000, 0.000, 0.000, 20:19:08.591, 1541899148591
88, 0.00, -27.92, -23.89, -23.94, -29.57, -15.91, -23.18, -20.16, 0.048, 0.916, 0.364, 20:19:08.591, 1541899148591
89, 0.00, -27.87, -23.83, -23.83, -29.55, -15.87, -23.16, -20.18, 0.000, 0.000, 0.000, 20:19:08.591, 1541899148591
90, 0.00, -28.10, -24.12, -23.94, -29.50, -16.12, -23.29, -19.92, 0.000, 0.000, 0.000, 20:19:08.591, 1541899148591
91, 0.00, -28.16, -23.94, -24.01, -29.62, -16.23, -23.18, -20.05, 0.000, 0.000, 0.000, 20:19:08.591, 1541899148591
92, 0.00, -28.19, -23.94, -24.05, -29.75, -16.12, -23.11, -20.12, 0.000, 0.000, 0.000, 20:19:08.591, 1541899148591
93, 0.00, -28.01, -23.92, -24.07, -29.48, -15.89, -23.11, -20.05, 0.000, 0.000, 0.000, 20:19:08.591, 1541899148591
94, 0.00, -27.76, -23.94, -24.05, -29.53, -16.00, -23.27, -19.83, 0.000, 0.000, 0.000, 20:19:08.592, 1541899148592
95, 0.00, -27.69, -24.01, -24.01, -29.59, -16.12, -23.40, -20.27, 0.000, 0.000, 0.000, 20:19:08.592, 1541899148592
96, 0.00, -27.69, -23.83, -24.01, -29.44, -16.12, -23.20, -20.14, 0.000, 0.000, 0.000, 20:19:08.592, 1541899148592
97, 0.00, -27.83, -23.98, -23.92, -29.39, -16.05, -23.25, -20.07, 0.000, 0.000, 0.000, 20:19:08.592, 1541899148592
98, 0.00, -28.05, -24.07, -24.10, -29.59, -16.12, -23.11, -19.98, 0.058, 0.876, 0.354, 20:19:08.592, 1541899148592
99, 0.00, -28.21, -24.07, -23.96, -29.59, -16.21, -23.18, -20.00, 0.000, 0.000, 0.000, 20:19:08.592, 1541899148592
100, 0.00, -27.98, -24.03, -23.96, -29.71, -15.98, -23.07, -19.94, 0.000, 0.000, 0.000, 20:19:08.592, 1541899148592
101, 0.00, -27.85, -24.14, -23.98, -29.55, -16.05, -23.00, -19.92, 0.000, 0.000, 0.000, 20:19:08.592, 1541899148592
102, 0.00, -28.07, -24.18, -23.78, -29.46, -16.07, -23.16, -20.14, 0.000, 0.000, 0.000, 20:19:08.592, 1541899148592
103, 0.00, -28.03, -24.30, -23.78, -29.41, -16.00, -23.29, -19.87, 0.000, 0.000, 0.000, 20:19:08.592, 1541899148592
104, 0.00, -27.89, -24.18, -24.18, -29.55, -16.00, -22.87, -19.83, 0.000, 0.000, 0.000, 20:19:08.592, 1541899148592
105, 0.00, -27.92, -24.05, -24.27, -29.30, -16.12, -22.91, -19.96, 0.000, 0.000, 0.000, 20:19:08.592, 1541899148592
106, 0.00, -28.03, -23.94, -23.96, -29.28, -16.07, -22.93, -20.00, 0.000, 0.000, 0.000, 20:19:08.593, 1541899148593
107, 0.00, -27.49, -24.12, -23.94, -29.55, -15.96, -23.11, -19.69, 0.000, 0.000, 0.000, 20:19:08.593, 1541899148593
108, 0.00, -27.78, -24.16, -23.83, -29.57, -15.91, -23.18, -19.76, 0.046, 0.862, 0.370, 20:19:08.593, 1541899148593
109, 0.00, -27.96, -24.12, -23.74, -29.30, -15.94, -23.07, -19.89, 0.000, 0.000, 0.000, 20:19:08.593, 1541899148593
110, 0.00, -27.85, -23.92, -23.74, -29.50, -16.25, -23.09, -19.76, 0.000, 0.000, 0.000, 20:19:08.593, 1541899148593
111, 0.00, -27.96, -24.01, -24.05, -29.71, -16.27, -23.18, -20.21, 0.000, 0.000, 0.000, 20:19:08.593, 1541899148593
112, 0.00, -27.89, -24.23, -23.89, -29.59, -15.98, -23.07, -20.21, 0.000, 0.000, 0.000, 20:19:08.593, 1541899148593
113, 0.00, -27.74, -24.01, -23.83, -29.53, -16.00, -23.07, -20.21, 0.000, 0.000, 0.000, 20:19:08.593, 1541899148593
114, 0.00, -27.85, -23.85, -23.83, -29.71, -16.07, -23.11, -20.21, 0.000, 0.000, 0.000, 20:19:08.593, 1541899148593
115, 0.00, -27.72, -23.80, -23.89, -29.82, -16.09, -23.09, -20.09, 0.000, 0.000, 0.000, 20:19:08.593, 1541899148593
116, 0.00, -27.74, -23.92, -24.12, -29.41, -15.91, -23.07, -19.92, 0.000, 0.000, 0.000, 20:19:08.593, 1541899148593
117, 0.00, -27.58, -23.94, -24.03, -29.39, -15.89, -23.00, -19.78, 0.000, 0.000, 0.000, 20:19:08.594, 1541899148594
118, 0.00, -27.60, -23.94, -23.87, -29.21, -15.62, -23.13, -19.83, 0.028, 0.870, 0.372, 20:19:08.594, 1541899148594
119, 0.00, -27.49, -23.89, -24.01, -29.55, -15.78, -23.11, -20.05, 0.000, 0.000, 0.000, 20:19:08.594, 1541899148594
120, 0.00, -27.83, -24.12, -24.21, -29.88, -15.98, -23.25, -20.27, 0.000, 0.000, 0.000, 20:19:08.594, 1541899148594
121, 0.00, -27.98, -24.05, -23.85, -29.71, -16.00, -23.36, -20.12, 0.000, 0.000, 0.000, 20:19:08.594, 1541899148594
122, 0.00, -27.87, -24.14, -23.87, -29.79, -16.03, -23.18, -19.94, 0.000, 0.000, 0.000, 20:19:09.025, 1541899149025
123, 0.00, -27.83, -24.07, -24.03, -29.30, -16.18, -23.13, -19.89, 0.000, 0.000, 0.000, 20:19:09.025, 1541899149025
124, 0.00, -27.98, -24.07, -23.69, -29.55, -16.12, -23.11, -19.92, 0.000, 0.000, 0.000, 20:19:09.026, 1541899149026
125, 0.00, -28.01, -24.12, -23.67, -29.82, -16.09, -23.29, -19.89, 0.000, 0.000, 0.000, 20:19:09.026, 1541899149026
126, 0.00, -27.87, -23.96, -24.10, -29.66, -15.96, -23.00, -19.80, 0.000, 0.000, 0.000, 20:19:09.026, 1541899149026
127, 0.00, -27.63, -24.18, -24.05, -29.41, -15.78, -22.98, -20.16, 0.000, 0.000, 0.000, 20:19:09.027, 1541899149027
128, 0.00, -27.81, -24.14, -24.05, -29.64, -15.89, -23.16, -20.25, 0.000, 0.000, 0.000, 20:19:09.027, 1541899149027
129, 0.00, -27.94, -23.69, -23.89, -29.77, -16.14, -23.34, -20.09, 0.034, 0.854, 0.346, 20:19:09.028, 1541899149028
130, 0.00, -27.85, -23.98, -24.10, -29.55, -16.21, -23.18, -19.98, 0.000, 0.000, 0.000, 20:19:09.028, 1541899149028
131, 0.00, -27.87, -23.94, -24.14, -29.53, -16.00, -23.20, -19.98, 0.000, 0.000, 0.000, 20:19:09.028, 1541899149028
132, 0.00, -27.87, -24.05, -23.94, -29.53, -16.34, -23.22, -19.92, 0.000, 0.000, 0.000, 20:19:09.028, 1541899149028
133, 0.00, -27.81, -24.10, -24.01, -29.86, -16.07, -23.13, -20.05, 0.000, 0.000, 0.000, 20:19:09.029, 1541899149029
134, 0.00, -27.87, -24.01, -23.83, -29.73, -15.69, -23.18, -20.18, 0.000, 0.000, 0.000, 20:19:09.029, 1541899149029
135, 0.00, -27.78, -23.80, -23.78, -29.44, -15.91, -23.16, -20.05, 0.000, 0.000, 0.000, 20:19:09.030, 1541899149030
136, 0.00, -27.78, -24.01, -23.98, -29.44, -15.98, -23.11, -20.27, 0.000, 0.000, 0.000, 20:19:09.030, 1541899149030
137, 0.00, -27.92, -24.07, -23.94, -29.59, -15.80, -23.16, -20.16, 0.000, 0.000, 0.000, 20:19:09.030, 1541899149030
138, 0.00, -27.87, -24.01, -23.94, -29.64, -15.91, -23.25, -20.21, 0.000, 0.000, 0.000, 20:19:09.031, 1541899149031
139, 0.00, -27.78, -23.96, -24.07, -29.59, -15.74, -23.04, -20.00, 0.034, 0.882, 0.354, 20:19:09.031, 1541899149031
140, 0.00, -27.92, -23.96, -24.23, -29.53, -16.03, -23.18, -20.03, 0.000, 0.000, 0.000, 20:19:09.032, 1541899149032
141, 0.00, -27.98, -23.89, -24.25, -29.75, -15.78, -23.07, -20.14, 0.000, 0.000, 0.000, 20:19:09.040, 1541899149040
142, 0.00, -27.96, -23.87, -24.27, -29.79, -15.87, -23.07, -20.00, 0.000, 0.000, 0.000, 20:19:09.041, 1541899149041
143, 0.00, -28.05, -23.89, -24.05, -29.55, -15.96, -22.93, -20.25, 0.000, 0.000, 0.000, 20:19:09.041, 1541899149041
144, 0.00, -27.92, -23.83, -23.89, -29.68, -15.62, -22.80, -20.30, 0.000, 0.000, 0.000, 20:19:09.042, 1541899149042
145, 0.00, -27.89, -23.92, -23.94, -29.82, -15.91, -23.11, -19.87, 0.000, 0.000, 0.000, 20:19:09.042, 1541899149042
146, 0.00, -27.92, -23.94, -24.03, -29.53, -16.07, -23.18, -19.92, 0.000, 0.000, 0.000, 20:19:09.042, 1541899149042
147, 0.00, -28.07, -23.89, -23.87, -29.59, -15.96, -22.89, -19.94, 0.000, 0.000, 0.000, 20:19:09.043, 1541899149043
148, 0.00, -28.05, -23.89, -23.80, -29.44, -16.18, -22.98, -20.05, 0.000, 0.000, 0.000, 20:19:09.044, 1541899149044
149, 0.00, -27.98, -23.78, -23.78, -29.55, -16.21, -23.13, -20.14, 0.036, 0.908, 0.362, 20:19:09.044, 1541899149044
150, 0.00, -27.78, -23.89, -23.89, -29.71, -16.14, -23.09, -20.09, 0.000, 0.000, 0.000, 20:19:09.044, 1541899149044
151, 0.00, -27.76, -24.01, -23.83, -29.48, -16.14, -23.18, -19.98, 0.000, 0.000, 0.000, 20:19:09.044, 1541899149044
152, 0.00, -28.07, -24.05, -23.83, -29.55, -15.94, -23.07, -20.07, 0.000, 0.000, 0.000, 20:19:09.044, 1541899149044
153, 0.00, -28.14, -24.05, -24.03, -29.35, -15.71, -23.18, -19.92, 0.000, 0.000, 0.000, 20:19:09.044, 1541899149044
154, 0.00, -27.87, -23.92, -24.23, -29.24, -15.91, -23.22, -20.03, 0.000, 0.000, 0.000, 20:19:09.044, 1541899149044
155, 0.00, -27.76, -24.07, -24.16, -29.19, -16.23, -23.02, -20.12, 0.000, 0.000, 0.000, 20:19:09.044, 1541899149044
156, 0.00, -28.14, -23.96, -23.94, -29.50, -15.96, -22.96, -20.36, 0.000, 0.000, 0.000, 20:19:09.044, 1541899149044
157, 0.00, -28.19, -23.74, -23.98, -29.68, -16.16, -23.00, -20.45, 0.000, 0.000, 0.000, 20:19:09.045, 1541899149045
158, 0.00, -28.21, -24.05, -23.89, -29.55, -15.89, -23.07, -20.12, 0.000, 0.000, 0.000, 20:19:09.045, 1541899149045
159, 0.00, -28.03, -23.94, -23.78, -29.50, -16.00, -23.36, -20.00, 0.040, 0.888, 0.372, 20:19:09.045, 1541899149045
160, 0.00, -27.89, -23.85, -23.96, -29.44, -15.89, -23.27, -19.96, 0.000, 0.000, 0.000, 20:19:09.045, 1541899149045
161, 0.00, -27.76, -23.85, -23.87, -29.62, -15.80, -23.07, -19.94, 0.000, 0.000, 0.000, 20:19:09.045, 1541899149045
162, 0.00, -27.65, -23.87, -24.12, -29.50, -15.91, -23.22, -19.98, 0.000, 0.000, 0.000, 20:19:09.045, 1541899149045
163, 0.00, -27.76, -23.83, -24.16, -29.44, -16.03, -23.13, -19.87, 0.000, 0.000, 0.000, 20:19:09.045, 1541899149045
164, 0.00, -28.10, -23.89, -24.14, -29.39, -16.14, -23.16, -19.94, 0.000, 0.000, 0.000, 20:19:09.045, 1541899149045
165, 0.00, -27.78, -24.05, -23.96, -29.33, -16.23, -23.27, -19.92, 0.000, 0.000, 0.000, 20:19:09.045, 1541899149045
166, 0.00, -27.69, -23.98, -23.94, -29.53, -16.14, -23.38, -19.69, 0.000, 0.000, 0.000, 20:19:09.046, 1541899149046
167, 0.00, -27.85, -24.14, -24.12, -29.35, -16.07, -23.04, -19.74, 0.000, 0.000, 0.000, 20:19:09.046, 1541899149046
168, 0.00, -28.10, -24.03, -24.16, -29.50, -16.14, -23.27, -20.14, 0.000, 0.000, 0.000, 20:19:09.046, 1541899149046
169, 0.00, -27.83, -23.94, -24.34, -29.75, -15.83, -23.13, -20.05, 0.034, 0.870, 0.388, 20:19:09.046, 1541899149046
170, 0.00, -27.89, -23.89, -24.10, -29.64, -15.87, -23.13, -20.00, 0.000, 0.000, 0.000, 20:19:09.046, 1541899149046
171, 0.00, -27.94, -24.07, -24.01, -29.66, -15.85, -23.29, -20.05, 0.000, 0.000, 0.000, 20:19:09.046, 1541899149046
172, 0.00, -27.81, -24.07, -23.87, -29.53, -15.91, -23.16, -19.98, 0.000, 0.000, 0.000, 20:19:09.046, 1541899149046
173, 0.00, -27.81, -23.89, -24.07, -29.46, -15.96, -23.04, -19.98, 0.000, 0.000, 0.000, 20:19:09.047, 1541899149047
174, 0.00, -27.76, -23.89, -23.96, -29.66, -15.91, -23.11, -19.87, 0.000, 0.000, 0.000, 20:19:09.047, 1541899149047
175, 0.00, -27.96, -24.14, -24.05, -29.75, -15.78, -23.16, -19.87, 0.000, 0.000, 0.000, 20:19:09.047, 1541899149047
176, 0.00, -27.87, -24.12, -23.83, -29.46, -15.89, -23.04, -19.94, 0.000, 0.000, 0.000, 20:19:09.047, 1541899149047
177, 0.00, -28.19, -24.01, -23.78, -29.33, -15.94, -23.22, -20.03, 0.000, 0.000, 0.000, 20:19:09.047, 1541899149047
178, 0.00, -28.14, -23.94, -23.87, -29.55, -15.85, -23.02, -19.98, 0.000, 0.000, 0.000, 20:19:09.047, 1541899149047
179, 0.00, -27.89, -24.07, -23.94, -29.46, -15.80, -23.04, -19.89, 0.026, 0.894, 0.398, 20:19:09.047, 1541899149047
180, 0.00, -27.87, -24.18, -23.94, -29.37, -16.14, -23.22, -19.94, 0.000, 0.000, 0.000, 20:19:09.047, 1541899149047
181, 0.00, -27.83, -24.30, -23.94, -29.79, -16.00, -23.22, -19.89, 0.000, 0.000, 0.000, 20:19:09.047, 1541899149047
182, 0.00, -27.96, -24.12, -23.98, -29.66, -16.00, -23.29, -19.87, 0.000, 0.000, 0.000, 20:19:09.048, 1541899149048
183, 0.00, -27.92, -23.92, -24.07, -29.55, -16.00, -23.36, -19.92, 0.000, 0.000, 0.000, 20:19:09.048, 1541899149048
184, 0.00, -27.96, -23.94, -24.07, -29.71, -16.05, -23.40, -19.98, 0.000, 0.000, 0.000, 20:19:09.048, 1541899149048
185, 0.00, -27.89, -24.10, -23.94, -29.75, -15.91, -23.25, -19.94, 0.000, 0.000, 0.000, 20:19:09.048, 1541899149048
186, 0.00, -27.89, -24.16, -24.16, -29.59, -15.83, -23.25, -20.03, 0.000, 0.000, 0.000, 20:19:09.048, 1541899149048
187, 0.00, -27.94, -24.01, -24.12, -29.59, -16.16, -23.22, -19.80, 0.000, 0.000, 0.000, 20:19:09.048, 1541899149048
188, 0.00, -27.96, -23.85, -23.92, -29.55, -16.07, -23.00, -20.00, 0.000, 0.000, 0.000, 20:19:09.048, 1541899149048
189, 0.00, -27.72, -23.96, -23.89, -29.59, -16.00, -22.73, -20.27, 0.012, 0.856, 0.402, 20:19:09.048, 1541899149048
190, 0.00, -27.85, -23.98, -24.05, -29.48, -16.03, -23.20, -20.03, 0.000, 0.000, 0.000, 20:19:09.048, 1541899149048
191, 0.00, -28.03, -23.80, -24.18, -29.41, -15.87, -23.18, -19.78, 0.000, 0.000, 0.000, 20:19:09.048, 1541899149048
192, 0.00, -27.69, -23.96, -24.01, -29.33, -15.89, -23.29, -19.98, 0.000, 0.000, 0.000, 20:19:09.049, 1541899149049
193, 0.00, -27.96, -24.12, -23.85, -29.37, -15.89, -23.58, -20.14, 0.000, 0.000, 0.000, 20:19:09.049, 1541899149049
194, 0.00, -28.21, -24.21, -24.01, -29.37, -15.96, -23.29, -20.00, 0.000, 0.000, 0.000, 20:19:09.049, 1541899149049
195, 0.00, -28.12, -24.05, -24.01, -29.48, -15.91, -23.29, -19.92, 0.000, 0.000, 0.000, 20:19:09.049, 1541899149049
196, 0.00, -27.85, -24.12, -23.98, -29.82, -15.80, -23.25, -20.05, 0.000, 0.000, 0.000, 20:19:09.049, 1541899149049
197, 0.00, -27.78, -24.12, -24.32, -29.68, -15.69, -23.18, -20.09, 0.000, 0.000, 0.000, 20:19:09.050, 1541899149050
198, 0.00, -27.74, -24.05, -24.30, -29.57, -15.91, -23.27, -19.98, 0.000, 0.000, 0.000, 20:19:09.050, 1541899149050
199, 0.00, -27.69, -24.16, -23.98, -29.62, -15.89, -23.29, -19.87, 0.016, 0.860, 0.414, 20:19:09.050, 1541899149050
200, 0.00, -27.92, -24.12, -23.92, -29.41, -15.83, -23.29, -19.92, 0.000, 0.000, 0.000, 20:19:09.051, 1541899149051
201, 0.00, -28.01, -24.01, -24.10, -29.53, -16.09, -23.22, -19.92, 0.000, 0.000, 0.000, 20:19:09.053, 1541899149053
202, 0.00, -27.94, -24.23, -24.12, -29.68, -16.07, -23.18, -19.87, 0.000, 0.000, 0.000, 20:19:09.053, 1541899149053
203, 0.00, -27.89, -24.10, -23.92, -29.77, -16.32, -23.18, -19.83, 0.000, 0.000, 0.000, 20:19:09.053, 1541899149053
204, 0.00, -27.96, -23.94, -23.98, -29.64, -16.12, -23.07, -20.14, 0.000, 0.000, 0.000, 20:19:09.053, 1541899149053
205, 0.00, -27.96, -23.94, -24.18, -29.41, -15.98, -22.93, -20.16, 0.000, 0.000, 0.000, 20:19:09.053, 1541899149053
206, 0.00, -27.98, -23.89, -24.36, -29.30, -15.71, -23.00, -19.96, 0.000, 0.000, 0.000, 20:19:09.053, 1541899149053
207, 0.00, -27.92, -24.12, -24.12, -29.41, -15.85, -23.16, -19.92, 0.000, 0.000, 0.000, 20:19:09.054, 1541899149054
208, 0.00, -27.74, -24.07, -23.94, -29.44, -15.91, -23.38, -19.98, 0.000, 0.000, 0.000, 20:19:09.054, 1541899149054
209, 0.00, -27.65, -24.12, -23.85, -29.55, -15.89, -23.22, -20.14, 0.000, 0.000, 0.000, 20:19:09.054, 1541899149054
210, 0.00, -27.74, -24.05, -23.89, -29.44, -15.74, -23.00, -20.00, 0.032, 0.854, 0.414, 20:19:09.054, 1541899149054
211, 0.00, -27.78, -23.76, -24.01, -29.46, -15.96, -23.11, -20.03, 0.000, 0.000, 0.000, 20:19:09.054, 1541899149054
212, 0.00, -27.85, -24.07, -23.92, -29.50, -15.83, -22.98, -20.03, 0.000, 0.000, 0.000, 20:19:09.054, 1541899149054
213, 0.00, -27.56, -23.98, -24.01, -29.66, -15.78, -23.36, -19.87, 0.000, 0.000, 0.000, 20:19:09.054, 1541899149054
214, 0.00, -27.89, -23.92, -23.94, -29.48, -15.69, -23.20, -19.94, 0.000, 0.000, 0.000, 20:19:09.054, 1541899149054
215, 0.00, -27.72, -23.96, -24.18, -29.37, -15.94, -23.27, -20.32, 0.000, 0.000, 0.000, 20:19:09.054, 1541899149054
216, 0.00, -27.74, -24.12, -24.05, -29.33, -16.29, -23.18, -19.98, 0.000, 0.000, 0.000, 20:19:09.054, 1541899149054
217, 0.00, -28.16, -24.01, -24.03, -29.48, -16.14, -23.09, -20.03, 0.000, 0.000, 0.000, 20:19:09.055, 1541899149055
218, 0.00, -27.92, -24.01, -24.05, -29.66, -15.67, -23.25, -20.21, 0.000, 0.000, 0.000, 20:19:09.055, 1541899149055
219, 0.00, -27.85, -23.89, -23.89, -29.77, -15.89, -23.11, -19.83, 0.000, 0.000, 0.000, 20:19:09.055, 1541899149055
220, 0.00, -27.87, -24.07, -23.98, -29.82, -16.25, -22.84, -19.87, 0.048, 0.852, 0.402, 20:19:09.055, 1541899149055
221, 0.00, -28.03, -23.89, -23.74, -29.71, -16.29, -23.11, -19.89, 0.000, 0.000, 0.000, 20:19:09.055, 1541899149055
222, 0.00, -27.98, -23.72, -23.94, -29.57, -16.18, -22.93, -19.92, 0.000, 0.000, 0.000, 20:19:09.055, 1541899149055
223, 0.00, -28.03, -23.98, -24.27, -29.64, -15.98, -22.89, -20.16, 0.000, 0.000, 0.000, 20:19:09.055, 1541899149055
224, 0.00, -28.03, -24.21, -24.18, -29.62, -16.03, -22.96, -20.09, 0.000, 0.000, 0.000, 20:19:09.055, 1541899149055
225, 0.00, -27.89, -24.16, -23.89, -29.62, -16.07, -23.18, -19.92, 0.000, 0.000, 0.000, 20:19:09.056, 1541899149056
226, 0.00, -27.92, -24.16, -24.16, -29.66, -16.03, -22.96, -20.18, 0.000, 0.000, 0.000, 20:19:09.056, 1541899149056
227, 0.00, -27.92, -23.94, -24.05, -29.59, -15.85, -23.02, -20.18, 0.000, 0.000, 0.000, 20:19:09.056, 1541899149056
228, 0.00, -27.92, -24.16, -23.85, -29.77, -15.89, -23.09, -19.92, 0.000, 0.000, 0.000, 20:19:09.056, 1541899149056
229, 0.00, -27.89, -24.10, -23.74, -29.77, -16.07, -23.27, -19.92, 0.000, 0.000, 0.000, 20:19:09.056, 1541899149056
230, 0.00, -27.81, -23.89, -23.89, -29.50, -16.18, -23.25, -19.89, 0.036, 0.850, 0.384, 20:19:09.056, 1541899149056
231, 0.00, -28.19, -23.89, -23.94, -29.66, -16.25, -23.20, -19.92, 0.000, 0.000, 0.000, 20:19:09.056, 1541899149056
232, 0.00, -28.21, -24.01, -24.05, -29.66, -16.05, -23.31, -20.05, 0.000, 0.000, 0.000, 20:19:09.056, 1541899149056
233, 0.00, -28.01, -23.74, -24.01, -29.30, -15.98, -23.25, -20.16, 0.000, 0.000, 0.000, 20:19:09.056, 1541899149056
234, 0.00, -27.81, -23.98, -24.12, -29.48, -16.07, -23.25, -19.87, 0.000, 0.000, 0.000, 20:19:09.057, 1541899149057
235, 0.00, -27.85, -23.87, -24.07, -29.48, -15.89, -23.02, -19.96, 0.000, 0.000, 0.000, 20:19:09.057, 1541899149057
236, 0.00, -27.87, -23.87, -24.01, -29.48, -15.91, -23.18, -20.12, 0.000, 0.000, 0.000, 20:19:09.057, 1541899149057
237, 0.00, -27.98, -23.85, -23.74, -29.41, -15.96, -23.07, -20.27, 0.000, 0.000, 0.000, 20:19:09.057, 1541899149057
238, 0.00, -27.96, -23.85, -23.92, -29.59, -15.83, -23.04, -20.18, 0.000, 0.000, 0.000, 20:19:09.057, 1541899149057
239, 0.00, -27.85, -23.98, -24.07, -29.62, -15.98, -23.04, -20.18, 0.000, 0.000, 0.000, 20:19:09.057, 1541899149057
240, 0.00, -28.01, -24.12, -24.01, -29.64, -16.03, -22.96, -20.12, 0.028, 0.858, 0.378, 20:19:09.057, 1541899149057
241, 0.00, -27.67, -23.96, -23.94, -29.48, -16.00, -23.02, -20.05, 0.000, 0.000, 0.000, 20:19:09.057, 1541899149057
242, 0.00, -28.19, -24.16, -24.07, -29.33, -16.00, -23.11, -20.18, 0.000, 0.000, 0.000, 20:19:09.504, 1541899149504
243, 0.00, -27.85, -24.16, -23.87, -29.48, -15.96, -23.29, -19.94, 0.000, 0.000, 0.000, 20:19:09.504, 1541899149504
244, 0.00, -27.81, -24.10, -23.89, -29.37, -15.85, -23.11, -19.89, 0.000, 0.000, 0.000, 20:19:09.504, 1541899149504
245, 0.00, -28.10, -24.12, -23.69, -29.26, -15.87, -23.13, -19.89, 0.000, 0.000, 0.000, 20:19:09.505, 1541899149505
246, 0.00, -28.10, -24.07, -24.01, -29.35, -16.05, -23.02, -19.94, 0.000, 0.000, 0.000, 20:19:09.505, 1541899149505
247, 0.00, -27.96, -24.01, -24.14, -29.46, -16.00, -23.02, -19.76, 0.000, 0.000, 0.000, 20:19:09.505, 1541899149505
248, 0.00, -27.89, -24.14, -23.92, -29.66, -16.14, -23.16, -19.96, 0.000, 0.000, 0.000, 20:19:09.505, 1541899149505
249, 0.00, -27.87, -24.07, -24.12, -29.75, -15.91, -23.11, -19.98, 0.000, 0.000, 0.000, 20:19:09.505, 1541899149505
250, 0.00, -27.87, -24.27, -23.80, -29.71, -16.00, -23.07, -20.25, 0.018, 0.868, 0.388, 20:19:09.505, 1541899149505
251, 0.00, -27.85, -24.30, -23.96, -29.59, -16.12, -23.27, -20.05, 0.000, 0.000, 0.000, 20:19:09.505, 1541899149505
252, 0.00, -27.92, -24.27, -23.96, -29.44, -16.16, -23.04, -19.92, 0.000, 0.000, 0.000, 20:19:09.506, 1541899149506
253, 0.00, -27.87, -24.07, -23.94, -29.37, -15.96, -23.18, -19.74, 0.000, 0.000, 0.000, 20:19:09.506, 1541899149506
254, 0.00, -27.69, -24.01, -24.18, -29.37, -15.80, -23.11, -19.98, 0.000, 0.000, 0.000, 20:19:09.506, 1541899149506
255, 0.00, -27.98, -24.21, -24.01, -29.37, -15.65, -23.22, -20.14, 0.000, 0.000, 0.000, 20:19:09.506, 1541899149506
0, 0.00, -28.01, -24.18, -23.76, -29.57, -16.03, -23.27, -19.98, 0.000, 0.000, 0.000, 20:19:09.506, 1541899149506
1, 0.00, -28.03, -23.83, -23.80, -29.66, -16.07, -23.11, -19.83, 0.000, 0.000, 0.000, 20:19:09.506, 1541899149506
2, 0.00, -27.89, -23.94, -24.07, -29.55, -15.96, -22.98, -19.92, 0.000, 0.000, 0.000, 20:19:09.506, 1541899149506
3, 0.00, -27.74, -24.03, -23.94, -29.28, -16.23, -23.00, -19.87, 0.000, 0.000, 0.000, 20:19:09.508, 1541899149508
4, 0.00, -27.87, -24.03, -24.16, -29.19, -16.12, -23.13, -20.03, 0.010, 0.872, 0.384, 20:19:09.508, 1541899149508
5, 0.00, -27.81, -24.05, -24.23, -29.62, -16.00, -23.00, -19.98, 0.000, 0.000, 0.000, 20:19:09.508, 1541899149508
6, 0.00, -27.76, -24.14, -23.72, -29.55, -15.94, -23.09, -20.03, 0.000, 0.000, 0.000, 20:19:09.509, 1541899149509
7, 0.00, -27.83, -24.07, -24.16, -29.79, -16.14, -23.31, -19.87, 0.000, 0.000, 0.000, 20:19:09.510, 1541899149510
8, 0.00, -27.96, -23.96, -23.87, -29.71, -16.12, -23.25, -19.94, 0.000, 0.000, 0.000, 20:19:09.511, 1541899149511
9, 0.00, -27.92, -23.83, -23.89, -29.79, -15.96, -23.13, -20.05, 0.000, 0.000, 0.000, 20:19:09.512, 1541899149512
10, 0.00, -27.69, -23.74, -24.07, -29.55, -15.91, -23.11, -19.94, 0.000, 0.000, 0.000, 20:19:09.512, 1541899149512
11, 0.00, -28.03, -23.85, -24.12, -29.33, -16.00, -23.27, -19.85, 0.000, 0.000, 0.000, 20:19:09.512, 1541899149512
12, 0.00, -28.10, -24.01, -23.80, -29.41, -15.96, -23.45, -19.80, 0.000, 0.000, 0.000, 20:19:09.512, 1541899149512
13, 0.00, -27.98, -24.10, -23.94, -29.71, -15.94, -23.07, -19.80, 0.000, 0.000, 0.000, 20:19:09.512, 1541899149512
14, 0.00, -27.96, -23.78, -24.03, -29.50, -16.16, -22.91, -20.03, 0.012, 0.884, 0.388, 20:19:09.512, 1541899149512
15, 0.00, -28.07, -23.98, -23.89, -29.62, -15.65, -22.96, -20.14, 0.000, 0.000, 0.000, 20:19:09.512, 1541899149512
16, 0.00, -27.94, -23.98, -23.96, -29.41, -15.85, -22.87, -20.32, 0.000, 0.000, 0.000, 20:19:09.512, 1541899149512
17, 0.00, -27.87, -24.07, -23.94, -29.39, -15.87, -23.18, -19.98, 0.000, 0.000, 0.000, 20:19:09.513, 1541899149513
18, 0.00, -27.94, -24.05, -23.87, -29.66, -15.94, -23.22, -19.80, 0.000, 0.000, 0.000, 20:19:09.513, 1541899149513
19, 0.00, -27.81, -23.98, -24.01, -29.68, -16.03, -23.16, -20.07, 0.000, 0.000, 0.000, 20:19:09.514, 1541899149514
20, 0.00, -27.69, -23.83, -24.12, -29.91, -16.12, -23.11, -20.21, 0.000, 0.000, 0.000, 20:19:09.514, 1541899149514
21, 0.00, -27.81, -23.83, -23.89, -29.68, -15.89, -23.00, -20.14, 0.000, 0.000, 0.000, 20:19:09.514, 1541899149514
22, 0.00, -28.01, -23.85, -23.98, -29.55, -15.85, -23.00, -19.94, 0.000, 0.000, 0.000, 20:19:09.515, 1541899149515
23, 0.00, -27.96, -24.12, -24.03, -29.64, -15.89, -23.11, -19.80, 0.000, 0.000, 0.000, 20:19:09.515, 1541899149515
24, 0.00, -27.78, -23.94, -24.05, -29.64, -15.80, -23.00, -19.92, 0.000, 0.000, 0.000, 20:19:09.516, 1541899149516
25, 0.00, -27.96, -23.98, -24.05, -29.41, -16.00, -22.93, -19.92, 0.012, 0.866, 0.406, 20:19:09.519, 1541899149519
26, 0.00, -28.03, -24.05, -23.89, -29.28, -16.07, -22.93, -20.00, 0.000, 0.000, 0.000, 20:19:09.520, 1541899149520
27, 0.00, -27.87, -23.85, -23.92, -29.44, -16.23, -22.84, -20.18, 0.000, 0.000, 0.000, 20:19:09.520, 1541899149520
28, 0.00, -28.07, -23.78, -23.94, -29.48, -16.32, -23.18, -20.32, 0.000, 0.000, 0.000, 20:19:09.520, 1541899149520
29, 0.00, -27.98, -24.01, -23.96, -29.62, -15.80, -23.40, -20.14, 0.000, 0.000, 0.000, 20:19:09.520, 1541899149520
30, 0.00, -28.01, -24.01, -23.94, -29.88, -15.94, -23.29, -20.16, 0.000, 0.000, 0.000, 20:19:09.520, 1541899149520
31, 0.00, -27.58, -23.98, -23.85, -29.75, -16.38, -23.11, -20.25, 0.000, 0.000, 0.000, 20:19:09.520, 1541899149520
32, 0.00, -27.65, -24.03, -23.85, -29.66, -16.21, -22.93, -20.25, 0.000, 0.000, 0.000, 20:19:09.520, 1541899149520
33, 0.00, -27.92, -24.18, -23.85, -29.53, -15.94, -23.04, -20.25, 0.000, 0.000, 0.000, 20:19:09.520, 1541899149520
34, 0.00, -27.92, -23.87, -23.80, -29.50, -16.05, -23.00, -19.80, 0.000, 0.000, 0.000, 20:19:09.520, 1541899149520
35, 0.00, -27.83, -24.21, -24.10, -29.50, -15.98, -23.00, -20.07, 0.010, 0.870, 0.412, 20:19:09.521, 1541899149521
36, 0.00, -27.56, -24.18, -23.83, -29.37, -15.83, -23.00, -20.27, 0.000, 0.000, 0.000, 20:19:09.521, 1541899149521
37, 0.00, -27.76, -24.10, -23.87, -29.37, -15.87, -23.07, -20.14, 0.000, 0.000, 0.000, 20:19:09.522, 1541899149522
38, 0.00, -27.72, -24.07, -23.92, -29.55, -15.89, -23.04, -19.89, 0.000, 0.000, 0.000, 20:19:09.522, 1541899149522
39, 0.00, -27.92, -24.01, -23.96, -29.44, -15.87, -23.07, -19.92, 0.000, 0.000, 0.000, 20:19:09.523, 1541899149523
40, 0.00, -27.85, -23.98, -23.92, -29.53, -16.07, -23.22, -20.09, 0.000, 0.000, 0.000, 20:19:09.523, 1541899149523
41, 0.00, -27.96, -24.03, -23.83, -29.59, -16.12, -23.04, -20.07, 0.000, 0.000, 0.000, 20:19:09.523, 1541899149523
42, 0.00, -27.76, -24.21, -23.80, -29.55, -15.98, -23.18, -20.12, 0.000, 0.000, 0.000, 20:19:09.523, 1541899149523
43, 0.00, -27.92, -24.07, -24.03, -29.66, -15.87, -23.27, -20.21, 0.000, 0.000, 0.000, 20:19:09.524, 1541899149524
44, 0.00, -28.03, -23.80, -23.96, -29.71, -15.94, -23.22, -20.03, 0.000, 0.000, 0.000, 20:19:09.524, 1541899149524
45, 0.00, -28.19, -24.01, -23.76, -29.64, -16.00, -23.25, -19.71, 0.020, 0.866, 0.414, 20:19:09.525, 1541899149525
46, 0.00, -28.21, -24.16, -23.85, -29.59, -16.12, -23.11, -19.87, 0.000, 0.000, 0.000, 20:19:09.525, 1541899149525
47, 0.00, -27.98, -23.92, -23.80, -29.55, -15.96, -23.11, -20.21, 0.000, 0.000, 0.000, 20:19:09.525, 1541899149525
48, 0.00, -27.96, -23.96, -23.85, -29.39, -16.00, -23.40, -19.94, 0.000, 0.000, 0.000, 20:19:09.525, 1541899149525
49, 0.00, -27.87, -23.94, -23.94, -29.46, -15.96, -23.31, -19.98, 0.000, 0.000, 0.000, 20:19:09.525, 1541899149525
50, 0.00, -27.98, -23.98, -23.85, -29.64, -15.96, -23.22, -19.87, 0.000, 0.000, 0.000, 20:19:09.525, 1541899149525
51, 0.00, -27.85, -24.12, -24.03, -29.62, -16.00, -23.18, -19.87, 0.000, 0.000, 0.000, 20:19:09.525, 1541899149525
52, 0.00, -27.74, -23.98, -24.03, -29.59, -16.16, -23.16, -19.87, 0.000, 0.000, 0.000, 20:19:09.525, 1541899149525
53, 0.00, -27.98, -23.94, -23.89, -29.57, -16.21, -23.18, -19.80, 0.000, 0.000, 0.000, 20:19:09.526, 1541899149526
54, 0.00, -27.92, -23.89, -23.89, -29.41, -16.21, -23.22, -19.89, 0.000, 0.000, 0.000, 20:19:09.526, 1541899149526
55, 0.00, -27.92, -23.96, -23.92, -29.33, -16.25, -23.27, -20.18, 0.018, 0.864, 0.414, 20:19:09.526, 1541899149526
56, 0.00, -27.87, -24.07, -23.94, -29.59, -15.98, -23.29, -20.12, 0.000, 0.000, 0.000, 20:19:09.526, 1541899149526
57, 0.00, -27.85, -24.05, -23.89, -29.50, -15.91, -23.11, -19.94, 0.000, 0.000, 0.000, 20:19:09.526, 1541899149526
58, 0.00, -27.98, -23.76, -23.94, -29.41, -15.98, -23.16, -20.14, 0.000, 0.000, 0.000, 20:19:09.526, 1541899149526
59, 0.00, -27.96, -23.98, -23.89, -29.41, -15.96, -23.40, -19.89, 0.000, 0.000, 0.000, 20:19:09.526, 1541899149526
60, 0.00, -27.89, -24.16, -23.85, -29.46, -15.98, -23.18, -20.05, 0.000, 0.000, 0.000, 20:19:09.526, 1541899149526
61, 0.00, -27.81, -23.76, -23.94, -29.91, -15.98, -22.80, -20.25, 0.000, 0.000, 0.000, 20:19:09.527, 1541899149527
62, 0.00, -27.78, -23.89, -24.16, -29.77, -15.96, -23.00, -20.38, 0.000, 0.000, 0.000, 20:19:09.527, 1541899149527
63, 0.00, -27.69, -23.87, -24.14, -29.48, -15.98, -23.11, -20.21, 0.000, 0.000, 0.000, 20:19:09.527, 1541899149527
64, 0.00, -27.89, -23.85, -23.89, -29.64, -15.89, -23.22, -20.25, 0.000, 0.000, 0.000, 20:19:09.527, 1541899149527
65, 0.00, -28.03, -23.96, -23.94, -29.33, -15.96, -23.07, -20.16, 0.018, 0.846, 0.420, 20:19:09.527, 1541899149527
66, 0.00, -27.74, -24.05, -24.12, -29.41, -15.91, -23.20, -19.98, 0.000, 0.000, 0.000, 20:19:09.527, 1541899149527
67, 0.00, -27.69, -24.05, -24.16, -29.79, -16.16, -23.16, -19.94, 0.000, 0.000, 0.000, 20:19:09.527, 1541899149527
68, 0.00, -27.98, -23.87, -23.85, -29.86, -16.00, -23.07, -19.87, 0.000, 0.000, 0.000, 20:19:09.527, 1541899149527
69, 0.00, -27.74, -23.89, -24.03, -29.59, -15.71, -23.22, -19.89, 0.000, 0.000, 0.000, 20:19:09.527, 1541899149527
70, 0.00, -27.98, -23.92, -23.74, -29.64, -16.03, -23.04, -20.05, 0.000, 0.000, 0.000, 20:19:09.527, 1541899149527
71, 0.00, -27.81, -24.14, -23.69, -29.46, -16.18, -22.78, -20.00, 0.000, 0.000, 0.000, 20:19:09.528, 1541899149528
72, 0.00, -27.78, -24.07, -23.78, -29.64, -16.12, -23.11, -20.03, 0.000, 0.000, 0.000, 20:19:09.528, 1541899149528
73, 0.00, -27.87, -24.01, -23.83, -29.55, -16.34, -23.11, -20.09, 0.000, 0.000, 0.000, 20:19:09.528, 1541899149528
74, 0.00, -27.74, -23.85, -24.05, -29.33, -15.96, -23.07, -20.07, 0.000, 0.000, 0.000, 20:19:09.528, 1541899149528
75, 0.00, -27.74, -23.94, -24.12, -29.59, -16.23, -23.09, -20.07, 0.020, 0.836, 0.422, 20:19:09.528, 1541899149528
76, 0.00, -27.89, -23.89, -24.10, -29.53, -16.25, -23.45, -20.00, 0.000, 0.000, 0.000, 20:19:09.528, 1541899149528
77, 0.00, -27.92, -23.85, -23.89, -29.59, -16.09, -23.29, -20.05, 0.000, 0.000, 0.000, 20:19:09.528, 1541899149528
78, 0.00, -27.87, -24.05, -23.89, -29.50, -15.83, -23.29, -20.14, 0.000, 0.000, 0.000, 20:19:09.528, 1541899149528
79, 0.00, -27.89, -24.07, -23.87, -29.41, -15.85, -23.18, -20.00, 0.000, 0.000, 0.000, 20:19:09.528, 1541899149528
80, 0.00, -27.85, -24.01, -23.96, -29.57, -15.98, -23.20, -19.83, 0.000, 0.000, 0.000, 20:19:09.528, 1541899149528
81, 0.00, -27.89, -23.89, -24.16, -29.77, -16.14, -23.34, -19.94, 0.000, 0.000, 0.000, 20:19:09.529, 1541899149529
82, 0.00, -27.89, -23.94, -24.21, -29.64, -15.96, -22.96, -20.05, 0.000, 0.000, 0.000, 20:19:09.529, 1541899149529
83, 0.00, -27.72, -24.23, -23.98, -29.66, -15.91, -23.09, -20.21, 0.000, 0.000, 0.000, 20:19:09.530, 1541899149530
84, 0.00, -27.76, -24.18, -23.74, -29.41, -15.89, -22.96, -20.50, 0.000, 0.000, 0.000, 20:19:09.530, 1541899149530
85, 0.00, -27.85, -24.01, -23.85, -29.55, -15.80, -22.89, -20.05, 0.008, 0.864, 0.422, 20:19:09.534, 1541899149534
86, 0.00, -27.96, -24.34, -23.98, -29.55, -16.14, -22.96, -20.03, 0.000, 0.000, 0.000, 20:19:09.536, 1541899149536
87, 0.00, -28.05, -24.34, -23.94, -29.33, -15.96, -22.96, -20.09, 0.000, 0.000, 0.000, 20:19:09.538, 1541899149538
88, 0.00, -27.96, -24.14, -24.14, -29.41, -15.91, -23.09, -20.27, 0.000, 0.000, 0.000, 20:19:09.538, 1541899149538
89, 0.00, -27.89, -24.01, -24.05, -29.19, -16.23, -23.34, -20.21, 0.000, 0.000, 0.000, 20:19:09.538, 1541899149538
90, 0.00, -27.76, -24.10, -23.76, -29.53, -16.03, -23.22, -20.05, 0.000, 0.000, 0.000, 20:19:09.538, 1541899149538
91, 0.00, -27.85, -24.18, -24.10, -29.48, -15.96, -23.11, -20.16, 0.000, 0.000, 0.000, 20:19:09.538, 1541899149538
92, 0.00, -27.87, -24.18, -23.85, -29.59, -15.91, -23.09, -20.03, 0.000, 0.000, 0.000, 20:19:09.538, 1541899149538
93, 0.00, -27.92, -24.12, -23.78, -29.66, -16.03, -23.07, -19.85, 0.000, 0.000, 0.000, 20:19:09.539, 1541899149539
94, 0.00, -27.78, -24.01, -23.94, -29.50, -15.96, -23.18, -19.96, 0.000, 0.000, 0.000, 20:19:09.539, 1541899149539
95, 0.00, -27.87, -24.27, -23.74, -29.55, -15.74, -23.04, -20.16, 0.000, 0.000, 0.000, 20:19:09.539, 1541899149539
96, 0.00, -27.81, -24.16, -23.78, -29.41, -16.00, -23.27, -20.12, 0.008, 0.864, 0.412, 20:19:09.539, 1541899149539
97, 0.00, -27.92, -24.21, -24.07, -29.41, -16.03, -23.25, -20.09, 0.000, 0.000, 0.000, 20:19:09.539, 1541899149539
98, 0.00, -27.92, -24.03, -23.83, -29.64, -15.85, -23.22, -20.03, 0.000, 0.000, 0.000, 20:19:09.539, 1541899149539
99, 0.00, -27.89, -23.89, -23.87, -29.53, -15.74, -23.00, -19.98, 0.000, 0.000, 0.000, 20:19:09.539, 1541899149539
100, 0.00, -27.92, -24.10, -24.03, -29.44, -15.96, -23.18, -20.09, 0.000, 0.000, 0.000, 20:19:09.540, 1541899149540
101, 0.00, -27.65, -23.96, -23.87, -29.57, -16.03, -23.02, -19.83, 0.000, 0.000, 0.000, 20:19:09.540, 1541899149540
102, 0.00, -27.81, -24.07, -23.85, -29.75, -15.91, -22.93, -19.87, 0.000, 0.000, 0.000, 20:19:09.540, 1541899149540
103, 0.00, -27.81, -23.96, -23.87, -29.64, -15.85, -23.27, -20.18, 0.000, 0.000, 0.000, 20:19:09.541, 1541899149541
104, 0.00, -27.87, -23.94, -24.07, -29.30, -16.03, -23.27, -20.05, 0.000, 0.000, 0.000, 20:19:09.541, 1541899149541
105, 0.00, -27.83, -23.74, -23.76, -29.33, -15.94, -23.16, -20.21, 0.000, 0.000, 0.000, 20:19:09.541, 1541899149541
106, 0.00, -27.76, -24.01, -23.63, -29.57, -15.78, -23.02, -20.12, 0.002, 0.852, 0.404, 20:19:09.984, 1541899149984
107, 0.00, -27.81, -24.05, -23.76, -29.64, -16.12, -23.22, -20.21, 0.000, 0.000, 0.000, 20:19:09.985, 1541899149985
108, 0.00, -27.85, -23.83, -24.03, -29.82, -15.98, -23.00, -20.07, 0.000, 0.000, 0.000, 20:19:09.985, 1541899149985
109, 0.00, -28.12, -23.67, -23.85, -29.71, -15.96, -23.04, -20.16, 0.000, 0.000, 0.000, 20:19:09.986, 1541899149986
110, 0.00, -27.96, -23.87, -23.83, -29.75, -16.00, -23.18, -20.14, 0.000, 0.000, 0.000, 20:19:09.986, 1541899149986
111, 0.00, -27.81, -23.96, -23.96, -29.84, -15.89, -23.11, -20.03, 0.000, 0.000, 0.000, 20:19:09.986, 1541899149986
112, 0.00, -27.54, -23.92, -23.80, -29.55, -16.16, -23.07, -19.92, 0.000, 0.000, 0.000, 20:19:09.987, 1541899149987
113, 0.00, -27.83, -23.74, -24.25, -29.55, -15.85, -23.09, -19.80, 0.000, 0.000, 0.000, 20:19:09.988, 1541899149988
114, 0.00, -28.05, -23.85, -24.16, -29.55, -15.89, -23.29, -20.00, 0.000, 0.000, 0.000, 20:19:09.988, 1541899149988
115, 0.00, -27.89, -24.01, -23.94, -29.41, -16.07, -23.29, -20.05, 0.000, 0.000, 0.000, 20:19:09.990, 1541899149990
116, 0.00, -27.69, -24.05, -23.94, -29.48, -16.09, -22.93, -19.76, 0.008, 0.868, 0.400, 20:19:09.990, 1541899149990
117, 0.00, -27.72, -24.05, -23.98, -29.59, -16.03, -22.91, -19.92, 0.000, 0.000, 0.000, 20:19:09.991, 1541899149991
118, 0.00, -27.63, -23.94, -23.89, -29.66, -15.83, -23.04, -19.94, 0.000, 0.000, 0.000, 20:19:09.992, 1541899149992
119, 0.00, -27.69, -23.89, -24.03, -29.59, -15.80, -23.34, -19.89, 0.000, 0.000, 0.000, 20:19:09.996, 1541899149996
120, 0.00, -27.69, -23.96, -24.14, -29.68, -15.67, -23.40, -19.80, 0.000, 0.000, 0.000, 20:19:09.997, 1541899149997
121, 0.00, -27.74, -24.14, -24.01, -29.77, -15.80, -23.11, -20.05, 0.000, 0.000, 0.000, 20:19:09.998, 1541899149998
122, 0.00, -27.81, -24.01, -23.94, -29.59, -16.12, -23.18, -19.92, 0.000, 0.000, 0.000, 20:19:10.001, 1541899150001
123, 0.00, -27.96, -23.80, -24.12, -29.62, -16.12, -23.34, -19.67, 0.000, 0.000, 0.000, 20:19:10.003, 1541899150003
124, 0.00, -28.03, -23.78, -24.05, -29.64, -15.89, -23.34, -19.98, 0.000, 0.000, 0.000, 20:19:10.004, 1541899150004
125, 0.00, -27.81, -23.89, -23.96, -29.64, -15.96, -23.07, -20.16, 0.000, 0.000, 0.000, 20:19:10.012, 1541899150012
126, 0.00, -27.74, -24.23, -23.85, -29.41, -16.07, -22.93, -20.12, 0.018, 0.864, 0.406, 20:19:10.013, 1541899150013
127, 0.00, -27.87, -24.10, -23.63, -29.48, -16.07, -22.84, -20.03, 0.000, 0.000, 0.000, 20:19:10.013, 1541899150013
128, 0.00, -27.98, -24.16, -23.72, -29.50, -16.12, -22.91, -19.96, 0.000, 0.000, 0.000, 20:19:10.013, 1541899150013
129, 0.00, -27.94, -23.96, -24.03, -29.75, -15.96, -23.16, -19.76, 0.000, 0.000, 0.000, 20:19:10.013, 1541899150013
130, 0.00, -27.83, -24.05, -23.89, -29.44, -15.71, -23.25, -19.83, 0.000, 0.000, 0.000, 20:19:10.013, 1541899150013
131, 0.00, -27.81, -23.94, -23.87, -29.55, -15.83, -23.16, -20.12, 0.000, 0.000, 0.000, 20:19:10.014, 1541899150014
132, 0.00, -27.81, -23.85, -23.98, -29.44, -16.00, -23.00, -19.89, 0.000, 0.000, 0.000, 20:19:10.020, 1541899150020
133, 0.00, -27.98, -24.01, -24.23, -29.53, -16.03, -23.02, -19.98, 0.000, 0.000, 0.000, 20:19:10.022, 1541899150022
134, 0.00, -28.03, -24.30, -24.12, -29.64, -15.94, -23.11, -19.87, 0.000, 0.000, 0.000, 20:19:10.023, 1541899150023
135, 0.00, -28.03, -23.78, -23.92, -29.33, -15.91, -22.80, -20.05, 0.000, 0.000, 0.000, 20:19:10.024, 1541899150024
136, 0.00, -27.92, -23.89, -24.01, -29.33, -15.89, -22.96, -19.98, 0.022, 0.856, 0.410, 20:19:10.025, 1541899150025
137, 0.00, -27.65, -24.07, -24.03, -29.35, -15.96, -23.16, -19.98, 0.000, 0.000, 0.000, 20:19:10.025, 1541899150025
138, 0.00, -27.58, -24.16, -24.03, -29.44, -15.83, -23.22, -19.85, 0.000, 0.000, 0.000, 20:19:10.025, 1541899150025
139, 0.00, -27.92, -23.96, -24.21, -29.48, -15.94, -23.02, -19.80, 0.000, 0.000, 0.000, 20:19:10.025, 1541899150025
140, 0.00, -27.89, -24.12, -24.25, -29.75, -15.85, -23.13, -19.83, 0.000, 0.000, 0.000, 20:19:10.026, 1541899150026
141, 0.00, -27.85, -24.03, -24.03, -29.66, -15.85, -23.11, -19.98, 0.000, 0.000, 0.000, 20:19:10.026, 1541899150026
142, 0.00, -27.87, -23.85, -23.89, -29.64, -16.12, -23.09, -20.03, 0.000, 0.000, 0.000, 20:19:10.026, 1541899150026
143, 0.00, -27.69, -23.83, -23.74, -29.82, -16.18, -23.11, -20.09, 0.000, 0.000, 0.000, 20:19:10.027, 1541899150027
144, 0.00, -27.78, -24.18, -24.01, -29.48, -16.16, -23.11, -20.03, 0.000, 0.000, 0.000, 20:19:10.027, 1541899150027
145, 0.00, -27.89, -24.21, -24.27, -29.50, -15.94, -23.13, -19.71, 0.000, 0.000, 0.000, 20:19:10.027, 1541899150027
146, 0.00, -28.03, -24.12, -24.14, -29.66, -16.12, -23.29, -19.89, 0.026, 0.856, 0.414, 20:19:10.027, 1541899150027
147, 0.00, -28.03, -23.96, -24.01, -29.75, -16.07, -23.02, -19.89, 0.000, 0.000, 0.000, 20:19:10.027, 1541899150027
148, 0.00, -28.25, -24.05, -24.01, -29.71, -16.00, -22.96, -20.09, 0.000, 0.000, 0.000, 20:19:10.027, 1541899150027
149, 0.00, -28.01, -24.23, -23.96, -29.53, -15.91, -22.91, -19.92, 0.000, 0.000, 0.000, 20:19:10.028, 1541899150028
150, 0.00, -27.78, -23.96, -24.05, -29.44, -15.80, -23.16, -19.94, 0.000, 0.000, 0.000, 20:19:10.028, 1541899150028
151, 0.00, -27.87, -23.85, -24.07, -29.48, -15.89, -23.34, -20.16, 0.000, 0.000, 0.000, 20:19:10.028, 1541899150028
152, 0.00, -28.07, -23.89, -24.16, -29.64, -16.00, -23.27, -20.00, 0.000, 0.000, 0.000, 20:19:10.028, 1541899150028
153, 0.00, -28.12, -24.05, -23.89, -29.73, -15.76, -23.16, -20.07, 0.000, 0.000, 0.000, 20:19:10.028, 1541899150028
154, 0.00, -27.92, -24.05, -24.05, -29.59, -15.89, -23.11, -19.94, 0.000, 0.000, 0.000, 20:19:10.028, 1541899150028
155, 0.00, -27.81, -24.05, -24.01, -29.55, -15.78, -23.18, -19.96, 0.000, 0.000, 0.000, 20:19:10.028, 1541899150028
156, 0.00, -28.07, -23.87, -24.16, -29.86, -15.94, -22.93, -19.94, 0.016, 0.856, 0.418, 20:19:10.028, 1541899150028
157, 0.00, -28.01, -23.74, -24.18, -29.64, -16.16, -23.18, -20.05, 0.000, 0.000, 0.000, 20:19:10.028, 1541899150028
158, 0.00, -28.01, -23.94, -24.16, -29.41, -16.07, -23.16, -19.92, 0.000, 0.000, 0.000, 20:19:10.029, 1541899150029
159, 0.00, -27.81, -23.96, -24.07, -29.75, -15.91, -23.16, -19.87, 0.000, 0.000, 0.000, 20:19:10.029, 1541899150029
160, 0.00, -27.76, -24.18, -24.01, -29.64, -16.12, -23.04, -19.89, 0.000, 0.000, 0.000, 20:19:10.029, 1541899150029
161, 0.00, -27.83, -24.16, -23.83, -29.75, -15.96, -23.34, -19.80, 0.000, 0.000, 0.000, 20:19:10.029, 1541899150029
162, 0.00, -27.81, -24.18, -24.05, -29.59, -15.91, -23.22, -20.05, 0.000, 0.000, 0.000, 20:19:10.029, 1541899150029
163, 0.00, -27.87, -24.05, -23.98, -29.41, -15.89, -23.16, -20.14, 0.000, 0.000, 0.000, 20:19:10.029, 1541899150029
164, 0.00, -28.03, -24.03, -24.16, -29.41, -15.87, -23.00, -20.27, 0.000, 0.000, 0.000, 20:19:10.030, 1541899150030
165, 0.00, -27.69, -23.94, -23.96, -29.55, -16.03, -22.93, -20.05, 0.000, 0.000, 0.000, 20:19:10.030, 1541899150030
166, 0.00, -27.87, -23.94, -24.03, -29.59, -15.51, -23.04, -19.87, 0.000, 0.000, 0.000, 20:19:10.030, 1541899150030
167, 0.00, -27.76, -24.03, -24.23, -29.62, -15.62, -22.96, -20.03, 0.008, 0.858, 0.420, 20:19:10.030, 1541899150030
168, 0.00, -27.96, -23.92, -23.96, -29.44, -15.87, -23.13, -20.09, 0.000, 0.000, 0.000, 20:19:10.031, 1541899150031
169, 0.00, -28.05, -24.12, -23.80, -29.53, -16.00, -23.02, -20.16, 0.000, 0.000, 0.000, 20:19:10.031, 1541899150031
170, 0.00, -28.05, -24.16, -24.05, -29.73, -16.07, -23.16, -20.00, 0.000, 0.000, 0.000, 20:19:10.031, 1541899150031
171, 0.00, -28.14, -24.16, -23.56, -29.50, -16.16, -22.98, -20.03, 0.000, 0.000, 0.000, 20:19:10.031, 1541899150031
172, 0.00, -28.19, -24.10, -23.92, -29.71, -16.12, -23.00, -20.05, 0.000, 0.000, 0.000, 20:19:10.031, 1541899150031
173, 0.00, -27.92, -23.74, -24.12, -29.68, -15.96, -23.16, -20.12, 0.000, 0.000, 0.000, 20:19:10.031, 1541899150031
174, 0.00, -27.76, -23.85, -23.94, -29.44, -16.03, -23.04, -20.00, 0.000, 0.000, 0.000, 20:19:10.031, 1541899150031
175, 0.00, -27.96, -24.01, -24.12, -29.59, -16.03, -23.11, -19.94, 0.000, 0.000, 0.000, 20:19:10.031, 1541899150031
176, 0.00, -28.03, -23.89, -24.10, -29.39, -15.94, -23.02, -19.65, 0.000, 0.000, 0.000, 20:19:10.031, 1541899150031
177, 0.00, -27.89, -23.80, -23.56, -29.41, -16.16, -23.16, -19.87, -0.010, 0.858, 0.420, 20:19:10.032, 1541899150032
178, 0.00, -27.69, -23.96, -23.67, -29.64, -15.91, -23.18, -19.69, 0.000, 0.000, 0.000, 20:19:10.032, 1541899150032
179, 0.00, -27.87, -23.96, -24.03, -29.82, -16.09, -23.20, -19.80, 0.000, 0.000, 0.000, 20:19:10.032, 1541899150032
180, 0.00, -28.14, -23.92, -23.85, -29.53, -15.94, -23.16, -20.05, 0.000, 0.000, 0.000, 20:19:10.032, 1541899150032
181, 0.00, -27.87, -23.94, -23.74, -29.44, -15.76, -23.20, -20.21, 0.000, 0.000, 0.000, 20:19:10.032, 1541899150032
182, 0.00, -27.74, -24.18, -24.05, -29.48, -15.94, -22.84, -20.03, 0.000, 0.000, 0.000, 20:19:10.032, 1541899150032
183, 0.00, -27.78, -24.16, -24.05, -29.28, -15.76, -23.25, -19.98, 0.000, 0.000, 0.000, 20:19:10.032, 1541899150032
184, 0.00, -27.76, -24.16, -24.07, -29.59, -15.76, -23.25, -19.94, 0.000, 0.000, 0.000, 20:19:10.032, 1541899150032
185, 0.00, -27.85, -24.03, -24.10, -29.53, -16.07, -23.22, -19.94, 0.000, 0.000, 0.000, 20:19:10.032, 1541899150032
186, 0.00, -28.07, -24.14, -23.87, -29.66, -15.98, -23.34, -20.05, 0.000, 0.000, 0.000, 20:19:10.033, 1541899150033
187, 0.00, -28.01, -24.21, -23.85, -29.53, -16.05, -22.84, -20.25, -0.008, 0.870, 0.422, 20:19:10.033, 1541899150033
188, 0.00, -27.89, -24.03, -23.83, -29.75, -16.07, -22.96, -20.03, 0.000, 0.000, 0.000, 20:19:10.033, 1541899150033
189, 0.00, -27.98, -24.07, -23.96, -29.64, -16.00, -23.13, -20.09, 0.000, 0.000, 0.000, 20:19:10.033, 1541899150033
190, 0.00, -27.85, -24.01, -24.07, -29.55, -16.12, -23.20, -20.03, 0.000, 0.000, 0.000, 20:19:10.033, 1541899150033
191, 0.00, -27.72, -23.85, -23.96, -29.64, -16.05, -23.13, -19.87, 0.000, 0.000, 0.000, 20:19:10.033, 1541899150033
192, 0.00, -27.96, -23.94, -23.89, -29.50, -15.96, -23.07, -19.67, 0.000, 0.000, 0.000, 20:19:10.033, 1541899150033
193, 0.00, -27.94, -23.98, -23.87, -29.62, -15.96, -23.18, -20.00, 0.000, 0.000, 0.000, 20:19:10.034, 1541899150034
194, 0.00, -27.81, -23.96, -23.94, -29.55, -16.05, -23.13, -20.09, 0.000, 0.000, 0.000, 20:19:10.034, 1541899150034
195, 0.00, -27.76, -23.83, -23.72, -29.50, -15.96, -23.29, -20.09, 0.000, 0.000, 0.000, 20:19:10.034, 1541899150034
196, 0.00, -27.78, -23.98, -23.78, -29.57, -15.76, -23.13, -20.03, 0.000, 0.000, 0.000, 20:19:10.034, 1541899150034
197, 0.00, -27.69, -23.92, -23.85, -29.35, -15.78, -23.00, -20.03, -0.006, 0.874, 0.418, 20:19:10.034, 1541899150034
198, 0.00, -27.85, -24.18, -23.89, -29.46, -15.74, -23.25, -20.09, 0.000, 0.000, 0.000, 20:19:10.034, 1541899150034
199, 0.00, -28.05, -24.39, -23.94, -29.41, -15.78, -23.13, -20.07, 0.000, 0.000, 0.000, 20:19:10.034, 1541899150034
200, 0.00, -27.96, -24.01, -24.12, -29.37, -15.96, -23.13, -20.14, 0.000, 0.000, 0.000, 20:19:10.034, 1541899150034
201, 0.00, -28.03, -24.12, -23.92, -29.66, -15.98, -22.78, -20.14, 0.000, 0.000, 0.000, 20:19:10.037, 1541899150037
202, 0.00, -27.87, -24.16, -24.01, -29.64, -15.74, -22.89, -20.16, 0.000, 0.000, 0.000, 20:19:10.038, 1541899150038
203, 0.00, -28.03, -24.12, -24.05, -29.64, -15.78, -23.11, -19.96, 0.000, 0.000, 0.000, 20:19:10.038, 1541899150038
204, 0.00, -28.01, -24.14, -24.12, -29.46, -15.89, -23.11, -19.78, 0.000, 0.000, 0.000, 20:19:10.038, 1541899150038
205, 0.00, -27.98, -24.07, -23.96, -29.46, -15.76, -22.98, -19.87, 0.000, 0.000, 0.000, 20:19:10.038, 1541899150038
206, 0.00, -27.76, -23.96, -24.01, -29.44, -15.89, -22.96, -19.92, 0.000, 0.000, 0.000, 20:19:10.038, 1541899150038
207, 0.00, -27.72, -23.78, -24.05, -29.33, -16.03, -23.04, -20.00, 0.006, 0.874, 0.392, 20:19:10.038, 1541899150038
208, 0.00, -27.72, -23.72, -23.98, -29.55, -16.07, -22.98, -20.03, 0.000, 0.000, 0.000, 20:19:10.038, 1541899150038
209, 0.00, -27.87, -23.89, -24.10, -29.59, -15.89, -23.16, -19.98, 0.000, 0.000, 0.000, 20:19:10.038, 1541899150038
210, 0.00, -27.96, -24.16, -23.89, -29.59, -15.89, -23.25, -20.25, 0.000, 0.000, 0.000, 20:19:10.038, 1541899150038
211, 0.00, -27.65, -23.85, -24.05, -29.64, -16.00, -23.00, -19.98, 0.000, 0.000, 0.000, 20:19:10.039, 1541899150039
212, 0.00, -27.76, -23.78, -23.89, -29.50, -15.98, -23.02, -19.89, 0.000, 0.000, 0.000, 20:19:10.039, 1541899150039
213, 0.00, -27.92, -23.87, -23.72, -29.66, -15.98, -23.07, -20.21, 0.000, 0.000, 0.000, 20:19:10.039, 1541899150039
214, 0.00, -27.78, -23.96, -23.83, -29.44, -15.91, -23.04, -20.16, 0.000, 0.000, 0.000, 20:19:10.039, 1541899150039
215, 0.00, -28.03, -23.94, -23.96, -29.44, -15.94, -23.07, -20.16, 0.000, 0.000, 0.000, 20:19:10.041, 1541899150041
216, 0.00, -27.76, -24.07, -24.05, -29.37, -15.96, -23.16, -20.12, 0.000, 0.000, 0.000, 20:19:10.041, 1541899150041
217, 0.00, -27.98, -23.87, -23.87, -29.50, -15.74, -22.96, -20.14, 0.012, 0.856, 0.380, 20:19:10.041, 1541899150041
218, 0.00, -27.76, -23.94, -24.05, -29.71, -16.00, -23.00, -20.03, 0.000, 0.000, 0.000, 20:19:10.041, 1541899150041
219, 0.00, -27.76, -24.03, -24.01, -29.73, -16.16, -23.18, -19.94, 0.000, 0.000, 0.000, 20:19:10.041, 1541899150041
220, 0.00, -27.98, -24.18, -23.89, -29.82, -16.23, -23.25, -20.14, 0.000, 0.000, 0.000, 20:19:10.041, 1541899150041
221, 0.00, -27.94, -24.10, -23.72, -29.88, -16.00, -22.98, -20.36, 0.000, 0.000, 0.000, 20:19:10.041, 1541899150041
222, 0.00, -27.87, -24.14, -23.85, -29.64, -16.05, -23.00, -20.14, 0.000, 0.000, 0.000, 20:19:10.041, 1541899150041
223, 0.00, -27.96, -24.12, -24.12, -29.44, -16.00, -22.84, -19.92, 0.000, 0.000, 0.000, 20:19:10.042, 1541899150042
224, 0.00, -27.85, -24.01, -24.16, -29.37, -15.98, -22.89, -19.96, 0.000, 0.000, 0.000, 20:19:10.042, 1541899150042
225, 0.00, -27.89, -23.98, -23.96, -29.71, -15.91, -23.22, -19.96, 0.000, 0.000, 0.000, 20:19:10.042, 1541899150042
226, 0.00, -27.83, -23.98, -23.78, -29.64, -16.12, -23.20, -19.94, 0.000, 0.000, 0.000, 20:19:10.466, 1541899150466
227, 0.00, -27.87, -23.89, -23.49, -29.53, -16.27, -23.00, -20.05, 0.014, 0.858, 0.384, 20:19:10.466, 1541899150466
228, 0.00, -27.87, -24.10, -23.98, -29.48, -16.16, -23.22, -19.98, 0.000, 0.000, 0.000, 20:19:10.468, 1541899150468
229, 0.00, -27.98, -24.10, -24.01, -29.68, -16.00, -23.18, -20.09, 0.000, 0.000, 0.000, 20:19:10.469, 1541899150469
230, 0.00, -27.92, -24.05, -23.94, -29.55, -16.09, -23.00, -19.89, 0.000, 0.000, 0.000, 20:19:10.469, 1541899150469
231, 0.00, -28.10, -24.03, -23.92, -29.53, -16.05, -23.02, -19.80, 0.000, 0.000, 0.000, 20:19:10.469, 1541899150469
232, 0.00, -27.87, -24.30, -24.05, -29.71, -15.87, -23.40, -19.92, 0.000, 0.000, 0.000, 20:19:10.470, 1541899150470
233, 0.00, -27.67, -24.07, -24.07, -29.62, -16.00, -23.31, -20.07, 0.000, 0.000, 0.000, 20:19:10.470, 1541899150470
234, 0.00, -27.63, -23.92, -23.76, -29.41, -16.07, -23.13, -19.89, 0.000, 0.000, 0.000, 20:19:10.470, 1541899150470
235, 0.00, -27.83, -24.01, -23.69, -29.33, -15.87, -23.02, -20.00, 0.000, 0.000, 0.000, 20:19:10.470, 1541899150470
236, 0.00, -27.98, -23.83, -23.92, -29.44, -16.16, -23.22, -20.00, 0.000, 0.000, 0.000, 20:19:10.470, 1541899150470
237, 0.00, -27.92, -23.58, -23.94, -29.50, -16.09, -23.22, -20.03, 0.014, 0.864, 0.394, 20:19:10.470, 1541899150470
238, 0.00, -28.03, -23.78, -23.85, -29.66, -16.03, -23.34, -20.16, 0.000, 0.000, 0.000, 20:19:10.470, 1541899150470
239, 0.00, -28.10, -24.01, -23.94, -29.53, -15.89, -23.31, -20.16, 0.000, 0.000, 0.000, 20:19:10.470, 1541899150470
240, 0.00, -27.85, -23.92, -23.67, -29.62, -15.91, -23.31, -20.16, 0.000, 0.000, 0.000, 20:19:10.470, 1541899150470
241, 0.00, -27.81, -23.94, -23.60, -29.55, -16.23, -23.07, -20.09, 0.000, 0.000, 0.000, 20:19:10.471, 1541899150471
242, 0.00, -27.83, -24.03, -23.78, -29.30, -15.98, -23.00, -19.92, 0.000, 0.000, 0.000, 20:19:10.471, 1541899150471
243, 0.00, -27.96, -24.01, -23.85, -29.64, -16.03, -22.89, -20.07, 0.000, 0.000, 0.000, 20:19:10.471, 1541899150471
244, 0.00, -27.87, -23.96, -24.05, -29.77, -16.27, -22.96, -19.92, 0.000, 0.000, 0.000, 20:19:10.471, 1541899150471
245, 0.00, -27.87, -23.85, -23.94, -29.75, -16.27, -23.00, -19.98, 0.000, 0.000, 0.000, 20:19:10.471, 1541899150471
246, 0.00, -27.98, -23.80, -23.94, -29.48, -16.07, -23.00, -20.03, 0.000, 0.000, 0.000, 20:19:10.472, 1541899150472
247, 0.00, -27.87, -23.89, -23.85, -29.46, -16.05, -23.00, -20.25, 0.000, 0.000, 0.000, 20:19:10.472, 1541899150472
248, 0.00, -28.14, -24.05, -23.83, -29.53, -15.91, -23.16, -20.21, 0.002, 0.872, 0.402, 20:19:10.473, 1541899150473
249, 0.00, -27.85, -24.10, -23.72, -29.75, -16.09, -23.09, -20.09, 0.000, 0.000, 0.000, 20:19:10.473, 1541899150473
250, 0.00, -27.87, -24.14, -23.67, -29.71, -16.25, -23.11, -20.25, 0.000, 0.000, 0.000, 20:19:10.473, 1541899150473
251, 0.00, -27.92, -24.23, -23.78, -29.64, -16.03, -23.09, -20.21, 0.000, 0.000, 0.000, 20:19:10.473, 1541899150473
252, 0.00, -27.81, -24.16, -23.89, -29.66, -15.89, -23.22, -19.96, 0.000, 0.000, 0.000, 20:19:10.474, 1541899150474
253, 0.00, -27.96, -23.85, -23.80, -29.37, -15.91, -23.22, -20.00, 0.000, 0.000, 0.000, 20:19:10.474, 1541899150474
254, 0.00, -28.19, -24.01, -23.87, -29.33, -15.94, -23.22, -19.85, 0.000, 0.000, 0.000, 20:19:10.474, 1541899150474
255, 0.00, -28.01, -24.01, -23.85, -29.46, -15.98, -23.07, -19.98, 0.000, 0.000, 0.000, 20:19:10.474, 1541899150474
0, 0.00, -27.81, -23.76, -23.89, -29.55, -15.89, -23.11, -19.87, 0.000, 0.000, 0.000, 20:19:10.474, 1541899150474
1, 0.00, -27.74, -23.85, -23.94, -29.33, -15.83, -23.04, -20.12, 0.000, 0.000, 0.000, 20:19:10.474, 1541899150474
2, 0.00, -27.85, -24.05, -24.21, -29.48, -16.03, -23.13, -20.07, -0.006, 0.872, 0.404, 20:19:10.475, 1541899150475
3, 0.00, -27.87, -24.27, -23.89, -29.46, -15.94, -23.25, -19.87, 0.000, 0.000, 0.000, 20:19:10.475, 1541899150475
4, 0.00, -27.85, -24.05, -23.74, -29.59, -15.69, -23.22, -19.69, 0.000, 0.000, 0.000, 20:19:10.476, 1541899150476
5, 0.00, -27.78, -23.87, -23.96, -29.37, -15.78, -23.04, -19.80, 0.000, 0.000, 0.000, 20:19:10.476, 1541899150476
6, 0.00, -28.03, -23.89, -23.83, -29.48, -15.80, -23.18, -19.74, 0.000, 0.000, 0.000, 20:19:10.476, 1541899150476
7, 0.00, -27.92, -23.96, -24.03, -29.62, -15.65, -23.16, -19.94, 0.000, 0.000, 0.000, 20:19:10.477, 1541899150477
8, 0.00, -27.96, -24.12, -24.14, -29.53, -15.89, -22.91, -19.89, 0.000, 0.000, 0.000, 20:19:10.477, 1541899150477
9, 0.00, -27.96, -24.18, -24.03, -29.55, -15.96, -22.91, -20.05, 0.000, 0.000, 0.000, 20:19:10.477, 1541899150477
10, 0.00, -27.98, -24.03, -23.83, -29.48, -16.00, -23.11, -19.92, 0.000, 0.000, 0.000, 20:19:10.477, 1541899150477
11, 0.00, -27.85, -24.05, -24.05, -29.44, -16.03, -23.16, -19.71, 0.000, 0.000, 0.000, 20:19:10.478, 1541899150478
12, 0.00, -28.07, -23.96, -23.96, -29.75, -16.14, -23.00, -19.98, -0.012, 0.870, 0.402, 20:19:10.478, 1541899150478
13, 0.00, -28.01, -24.03, -23.80, -29.64, -16.18, -23.27, -20.05, 0.000, 0.000, 0.000, 20:19:10.478, 1541899150478
14, 0.00, -27.96, -24.21, -23.69, -29.46, -16.03, -23.34, -20.16, 0.000, 0.000, 0.000, 20:19:10.478, 1541899150478
15, 0.00, -28.01, -24.01, -24.10, -29.59, -16.14, -23.29, -19.92, 0.000, 0.000, 0.000, 20:19:10.478, 1541899150478
16, 0.00, -27.98, -23.87, -24.12, -29.77, -16.09, -23.02, -20.00, 0.000, 0.000, 0.000, 20:19:10.479, 1541899150479
17, 0.00, -27.83, -23.98, -24.05, -29.71, -15.83, -22.93, -20.09, 0.000, 0.000, 0.000, 20:19:10.479, 1541899150479
18, 0.00, -27.81, -24.01, -23.85, -29.53, -16.00, -22.96, -19.87, 0.000, 0.000, 0.000, 20:19:10.480, 1541899150480
19, 0.00, -27.92, -23.74, -24.03, -29.48, -16.03, -22.96, -19.92, 0.000, 0.000, 0.000, 20:19:10.480, 1541899150480
20, 0.00, -27.96, -23.89, -24.23, -29.37, -16.09, -23.02, -20.14, 0.000, 0.000, 0.000, 20:19:10.480, 1541899150480
21, 0.00, -28.21, -24.16, -24.05, -29.41, -15.98, -23.29, -20.03, 0.000, 0.000, 0.000, 20:19:10.481, 1541899150481
22, 0.00, -27.98, -23.98, -23.89, -29.55, -16.09, -23.13, -19.92, -0.018, 0.864, 0.404, 20:19:10.481, 1541899150481
23, 0.00, -27.96, -23.96, -23.96, -29.44, -16.00, -22.89, -20.05, 0.000, 0.000, 0.000, 20:19:10.481, 1541899150481
24, 0.00, -28.07, -24.03, -24.01, -29.55, -16.14, -23.00, -19.98, 0.000, 0.000, 0.000, 20:19:10.481, 1541899150481
25, 0.00, -27.89, -24.01, -23.92, -29.64, -15.91, -23.11, -20.07, 0.000, 0.000, 0.000, 20:19:10.481, 1541899150481
26, 0.00, -28.10, -24.03, -24.01, -29.62, -15.80, -23.07, -20.23, 0.000, 0.000, 0.000, 20:19:10.482, 1541899150482
27, 0.00, -27.89, -24.03, -24.03, -29.50, -15.96, -23.18, -20.32, 0.000, 0.000, 0.000, 20:19:10.483, 1541899150483
28, 0.00, -27.92, -24.25, -23.78, -29.53, -16.18, -23.00, -20.16, 0.000, 0.000, 0.000, 20:19:10.484, 1541899150484
29, 0.00, -27.63, -24.14, -23.89, -29.64, -16.14, -23.18, -19.83, 0.000, 0.000, 0.000, 20:19:10.484, 1541899150484
30, 0.00, -27.81, -24.07, -24.16, -29.41, -16.00, -23.09, -19.98, 0.000, 0.000, 0.000, 20:19:10.484, 1541899150484
31, 0.00, -27.92, -24.23, -24.01, -29.53, -16.03, -23.04, -19.96, 0.000, 0.000, 0.000, 20:19:10.485, 1541899150485
32, 0.00, -27.96, -24.34, -23.92, -29.55, -16.03, -23.07, -19.87, -0.010, 0.864, 0.400, 20:19:10.485, 1541899150485
33, 0.00, -27.78, -24.25, -23.96, -29.50, -15.76, -23.11, -19.87, 0.000, 0.000, 0.000, 20:19:10.485, 1541899150485
34, 0.00, -27.81, -24.21, -23.78, -29.57, -16.07, -23.16, -19.92, 0.000, 0.000, 0.000, 20:19:10.486, 1541899150486
35, 0.00, -27.96, -24.23, -23.89, -29.66, -16.07, -23.20, -20.14, 0.000, 0.000, 0.000, 20:19:10.486, 1541899150486
36, 0.00, -27.89, -23.96, -23.80, -29.66, -16.00, -23.22, -20.25, 0.000, 0.000, 0.000, 20:19:10.486, 1541899150486
37, 0.00, -27.87, -23.96, -23.87, -29.55, -16.07, -23.25, -20.32, 0.000, 0.000, 0.000, 20:19:10.486, 1541899150486
38, 0.00, -27.96, -24.12, -24.12, -29.71, -16.03, -23.34, -20.23, 0.000, 0.000, 0.000, 20:19:10.487, 1541899150487
39, 0.00, -28.01, -24.01, -23.78, -29.55, -15.85, -23.25, -19.92, 0.000, 0.000, 0.000, 20:19:10.487, 1541899150487
40, 0.00, -28.03, -23.94, -23.87, -29.41, -15.74, -23.29, -19.94, 0.000, 0.000, 0.000, 20:19:10.487, 1541899150487
41, 0.00, -27.83, -24.18, -23.92, -29.53, -16.00, -22.93, -20.09, 0.000, 0.000, 0.000, 20:19:10.487, 1541899150487
42, 0.00, -27.63, -24.21, -24.16, -29.62, -16.18, -22.84, -20.12, 0.000, 0.858, 0.394, 20:19:10.488, 1541899150488
43, 0.00, -27.83, -24.01, -23.85, -29.55, -15.96, -23.09, -20.03, 0.000, 0.000, 0.000, 20:19:10.488, 1541899150488
44, 0.00, -27.83, -24.01, -24.10, -29.44, -15.96, -23.20, -20.12, 0.000, 0.000, 0.000, 20:19:10.488, 1541899150488
45, 0.00, -27.76, -24.01, -24.01, -29.53, -15.78, -23.18, -20.05, 0.000, 0.000, 0.000, 20:19:10.488, 1541899150488
46, 0.00, -27.76, -23.94, -23.87, -29.48, -15.83, -23.29, -20.00, 0.000, 0.000, 0.000, 20:19:10.488, 1541899150488
47, 0.00, -27.92, -24.05, -23.67, -29.71, -15.96, -23.16, -20.05, 0.000, 0.000, 0.000, 20:19:10.488, 1541899150488
48, 0.00, -27.96, -24.21, -23.85, -29.48, -15.83, -23.04, -20.21, 0.000, 0.000, 0.000, 20:19:10.488, 1541899150488
49, 0.00, -27.96, -24.01, -24.12, -29.33, -15.85, -22.93, -20.21, 0.000, 0.000, 0.000, 20:19:10.488, 1541899150488
50, 0.00, -28.03, -24.03, -24.16, -29.55, -15.96, -23.16, -20.21, 0.000, 0.000, 0.000, 20:19:10.488, 1541899150488
51, 0.00, -27.96, -23.96, -23.85, -29.44, -16.14, -23.22, -20.05, 0.000, 0.000, 0.000, 20:19:10.488, 1541899150488
52, 0.00, -27.76, -24.01, -23.67, -29.48, -15.91, -22.96, -19.92, 0.004, 0.872, 0.386, 20:19:10.489, 1541899150489
53, 0.00, -28.14, -24.05, -23.94, -29.48, -15.96, -23.00, -20.14, 0.000, 0.000, 0.000, 20:19:10.489, 1541899150489
54, 0.00, -28.27, -24.12, -24.01, -29.44, -16.14, -22.93, -20.21, 0.000, 0.000, 0.000, 20:19:10.489, 1541899150489
55, 0.00, -27.87, -24.30, -23.78, -29.44, -16.05, -22.98, -20.05, 0.000, 0.000, 0.000, 20:19:10.489, 1541899150489
56, 0.00, -28.03, -24.03, -23.83, -29.64, -16.07, -23.09, -19.98, 0.000, 0.000, 0.000, 20:19:10.489, 1541899150489
57, 0.00, -27.94, -23.92, -24.07, -29.46, -16.23, -23.02, -20.00, 0.000, 0.000, 0.000, 20:19:10.489, 1541899150489
58, 0.00, -28.10, -23.78, -24.07, -29.53, -15.98, -23.04, -19.96, 0.000, 0.000, 0.000, 20:19:10.489, 1541899150489
59, 0.00, -28.07, -23.89, -24.21, -29.93, -16.03, -22.73, -20.09, 0.000, 0.000, 0.000, 20:19:10.489, 1541899150489
60, 0.00, -27.96, -23.85, -24.21, -29.59, -15.96, -22.78, -19.98, 0.000, 0.000, 0.000, 20:19:10.489, 1541899150489
61, 0.00, -27.81, -23.98, -24.07, -29.41, -15.98, -23.04, -20.16, 0.000, 0.000, 0.000, 20:19:10.489, 1541899150489
62, 0.00, -27.74, -24.10, -23.92, -29.59, -15.87, -23.27, -20.30, 0.000, 0.000, 0.000, 20:19:10.490, 1541899150490
63, 0.00, -27.74, -24.01, -23.96, -29.66, -15.80, -23.29, -20.18, 0.010, 0.888, 0.384, 20:19:10.490, 1541899150490
64, 0.00, -27.85, -23.85, -23.87, -29.75, -15.89, -23.13, -20.25, 0.000, 0.000, 0.000, 20:19:10.490, 1541899150490
65, 0.00, -27.81, -23.80, -23.72, -29.53, -15.83, -23.07, -20.03, 0.000, 0.000, 0.000, 20:19:10.491, 1541899150491
66, 0.00, -27.67, -23.83, -24.01, -29.59, -15.85, -23.25, -20.03, 0.000, 0.000, 0.000, 20:19:10.491, 1541899150491
67, 0.00, -27.98, -24.05, -23.98, -29.66, -16.00, -23.16, -20.05, 0.000, 0.000, 0.000, 20:19:10.491, 1541899150491
68, 0.00, -28.05, -24.05, -24.14, -29.68, -15.71, -22.98, -19.92, 0.000, 0.000, 0.000, 20:19:10.491, 1541899150491
69, 0.00, -27.96, -23.83, -24.05, -29.55, -15.69, -23.22, -20.00, 0.000, 0.000, 0.000, 20:19:10.491, 1541899150491
70, 0.00, -27.92, -23.98, -23.94, -29.35, -16.12, -23.07, -20.05, 0.000, 0.000, 0.000, 20:19:10.491, 1541899150491
71, 0.00, -28.01, -24.01, -23.83, -29.33, -16.18, -23.04, -19.76, 0.000, 0.000, 0.000, 20:19:10.491, 1541899150491
72, 0.00, -28.14, -23.98, -23.89, -29.53, -16.25, -23.00, -19.74, 0.000, 0.000, 0.000, 20:19:10.491, 1541899150491
73, 0.00, -28.01, -24.07, -23.94, -29.53, -16.09, -23.04, -19.96, 0.008, 0.886, 0.388, 20:19:10.491, 1541899150491
74, 0.00, -28.03, -24.03, -23.94, -29.41, -16.12, -23.34, -19.94, 0.000, 0.000, 0.000, 20:19:10.491, 1541899150491
75, 0.00, -27.85, -24.01, -23.76, -29.50, -15.96, -23.29, -20.12, 0.000, 0.000, 0.000, 20:19:10.492, 1541899150492
76, 0.00, -27.96, -24.07, -23.78, -29.53, -15.89, -23.13, -19.98, 0.000, 0.000, 0.000, 20:19:10.492, 1541899150492
77, 0.00, -27.96, -24.14, -23.76, -29.46, -15.89, -23.16, -19.94, 0.000, 0.000, 0.000, 20:19:10.492, 1541899150492
78, 0.00, -27.87, -24.12, -23.85, -29.48, -15.91, -23.16, -19.98, 0.000, 0.000, 0.000, 20:19:10.492, 1541899150492
79, 0.00, -28.03, -24.01, -24.01, -29.66, -15.78, -23.07, -20.05, 0.000, 0.000, 0.000, 20:19:10.492, 1541899150492
80, 0.00, -27.96, -23.98, -24.03, -29.71, -15.98, -23.27, -20.03, 0.000, 0.000, 0.000, 20:19:10.492, 1541899150492
81, 0.00, -27.65, -23.78, -23.94, -29.44, -15.80, -23.16, -20.05, 0.000, 0.000, 0.000, 20:19:10.492, 1541899150492
82, 0.00, -27.92, -23.94, -23.83, -29.35, -15.96, -23.11, -20.05, 0.000, 0.000, 0.000, 20:19:10.492, 1541899150492
83, 0.00, -28.05, -23.89, -24.16, -29.53, -16.03, -23.25, -20.09, 0.008, 0.872, 0.390, 20:19:10.492, 1541899150492
84, 0.00, -27.87, -24.07, -23.92, -29.59, -16.03, -23.38, -20.07, 0.000, 0.000, 0.000, 20:19:10.492, 1541899150492
85, 0.00, -27.85, -24.12, -23.63, -29.48, -15.96, -23.36, -20.12, 0.000, 0.000, 0.000, 20:19:10.493, 1541899150493
86, 0.00, -27.92, -24.01, -23.76, -29.48, -15.96, -23.18, -20.21, 0.000, 0.000, 0.000, 20:19:10.493, 1541899150493
87, 0.00, -27.78, -24.05, -24.01, -29.62, -15.87, -23.16, -20.03, 0.000, 0.000, 0.000, 20:19:10.493, 1541899150493
88, 0.00, -28.03, -24.01, -23.89, -29.55, -15.89, -22.84, -20.05, 0.000, 0.000, 0.000, 20:19:10.493, 1541899150493
89, 0.00, -28.07, -23.89, -23.96, -29.57, -15.80, -23.20, -19.94, 0.000, 0.000, 0.000, 20:19:10.493, 1541899150493
90, 0.00, -27.89, -24.12, -23.96, -29.82, -15.96, -23.11, -20.16, 0.000, 0.000, 0.000, 20:19:10.493, 1541899150493
91, 0.00, -27.85, -24.12, -23.92, -29.82, -16.18, -23.22, -20.05, 0.000, 0.000, 0.000, 20:19:10.811, 1541899150811
92, 0.00, -28.03, -23.94, -23.96, -29.59, -16.18, -23.27, -20.05, 0.000, 0.000, 0.000, 20:19:10.811, 1541899150811
93, 0.00, -28.03, -23.87, -23.80, -29.48, -16.00, -23.07, -20.07, 0.006, 0.864, 0.392, 20:19:10.812, 1541899150812
94, 0.00, -27.81, -24.07, -23.83, -29.79, -16.03, -23.18, -20.03, 0.000, 0.000, 0.000, 20:19:10.812, 1541899150812
95, 0.00, -27.85, -24.27, -23.92, -29.77, -15.96, -23.11, -19.71, 0.000, 0.000, 0.000, 20:19:10.812, 1541899150812
96, 0.00, -27.69, -24.01, -23.98, -29.53, -15.89, -23.07, -20.14, 0.000, 0.000, 0.000, 20:19:10.812, 1541899150812
97, 0.00, -27.81, -24.14, -23.96, -29.50, -15.94, -23.16, -20.14, 0.000, 0.000, 0.000, 20:19:10.812, 1541899150812
98, 0.00, -28.01, -24.05, -23.80, -29.41, -15.91, -23.29, -19.76, 0.000, 0.000, 0.000, 20:19:10.812, 1541899150812
99, 0.00, -27.81, -23.96, -24.01, -29.57, -15.89, -23.29, -19.92, 0.000, 0.000, 0.000, 20:19:10.813, 1541899150813
100, 0.00, -27.98, -24.01, -24.03, -29.48, -15.96, -23.27, -20.09, 0.000, 0.000, 0.000, 20:19:10.813, 1541899150813
101, 0.00, -27.98, -24.07, -24.03, -29.53, -15.85, -23.09, -19.87, 0.000, 0.000, 0.000, 20:19:10.813, 1541899150813
102, 0.00, -27.83, -23.94, -24.03, -29.53, -15.85, -23.42, -20.03, 0.000, 0.000, 0.000, 20:19:10.813, 1541899150813
103, 0.00, -28.07, -23.98, -24.07, -29.46, -15.85, -23.36, -20.18, 0.008, 0.860, 0.398, 20:19:10.813, 1541899150813
104, 0.00, -27.87, -24.12, -24.30, -29.53, -15.78, -23.40, -20.05, 0.000, 0.000, 0.000, 20:19:10.813, 1541899150813
105, 0.00, -27.65, -24.05, -24.05, -29.86, -15.74, -23.18, -20.14, 0.000, 0.000, 0.000, 20:19:10.813, 1541899150813
106, 0.00, -27.87, -24.01, -23.92, -29.84, -15.91, -23.07, -20.18, 0.000, 0.000, 0.000, 20:19:10.813, 1541899150813
107, 0.00, -27.87, -24.03, -24.05, -29.66, -16.16, -23.04, -20.23, 0.000, 0.000, 0.000, 20:19:10.813, 1541899150813
108, 0.00, -27.81, -24.14, -23.96, -29.73, -16.14, -22.91, -20.32, 0.000, 0.000, 0.000, 20:19:10.813, 1541899150813
109, 0.00, -27.87, -24.07, -24.07, -29.86, -16.12, -23.16, -20.05, 0.000, 0.000, 0.000, 20:19:10.813, 1541899150813
110, 0.00, -27.96, -24.16, -23.98, -29.71, -15.96, -23.29, -20.23, 0.000, 0.000, 0.000, 20:19:10.814, 1541899150814
111, 0.00, -28.12, -24.05, -23.85, -29.57, -16.00, -23.25, -20.16, 0.000, 0.000, 0.000, 20:19:10.814, 1541899150814
112, 0.00, -27.89, -24.03, -23.96, -29.41, -16.07, -23.09, -20.09, 0.000, 0.000, 0.000, 20:19:10.814, 1541899150814
113, 0.00, -27.85, -23.98, -23.85, -29.64, -15.76, -23.13, -20.09, -0.006, 0.858, 0.410, 20:19:10.814, 1541899150814
114, 0.00, -27.67, -23.83, -23.85, -29.64, -15.58, -23.27, -20.09, 0.000, 0.000, 0.000, 20:19:10.814, 1541899150814
115, 0.00, -27.81, -23.65, -23.72, -29.50, -16.03, -23.38, -20.16, 0.000, 0.000, 0.000, 20:19:10.814, 1541899150814
116, 0.00, -28.10, -23.72, -23.74, -29.59, -16.34, -23.04, -20.00, 0.000, 0.000, 0.000, 20:19:10.814, 1541899150814
117, 0.00, -28.03, -23.80, -23.87, -29.55, -16.12, -23.04, -19.92, 0.000, 0.000, 0.000, 20:19:10.814, 1541899150814
118, 0.00, -27.67, -23.74, -24.07, -29.41, -15.74, -23.34, -19.94, 0.000, 0.000, 0.000, 20:19:10.814, 1541899150814
119, 0.00, -27.92, -23.89, -24.16, -29.57, -15.96, -23.49, -19.92, 0.000, 0.000, 0.000, 20:19:10.814, 1541899150814
120, 0.00, -27.98, -23.83, -23.74, -29.57, -15.94, -23.34, -19.98, 0.000, 0.000, 0.000, 20:19:10.814, 1541899150814
121, 0.00, -28.07, -23.98, -23.89, -29.50, -16.18, -23.09, -20.09, 0.000, 0.000, 0.000, 20:19:10.815, 1541899150815
122, 0.00, -28.14, -24.16, -23.87, -29.41, -16.16, -23.09, -20.12, 0.000, 0.000, 0.000, 20:19:10.815, 1541899150815
123, 0.00, -27.92, -24.18, -23.80, -29.46, -15.89, -23.16, -20.12, 0.000, 0.858, 0.412, 20:19:10.815, 1541899150815
124, 0.00, -27.83, -24.03, -23.94, -29.26, -15.80, -23.04, -19.98, 0.000, 0.000, 0.000, 20:19:10.815, 1541899150815
125, 0.00, -27.92, -24.23, -24.07, -29.50, -16.00, -23.11, -20.03, 0.000, 0.000, 0.000, 20:19:10.816, 1541899150816
126, 0.00, -27.89, -24.14, -24.18, -29.59, -15.96, -23.25, -19.98, 0.000, 0.000, 0.000, 20:19:10.816, 1541899150816
127, 0.00, -27.83, -24.07, -24.01, -29.68, -15.89, -22.91, -19.87, 0.000, 0.000, 0.000, 20:19:10.817, 1541899150817
128, 0.00, -27.85, -24.03, -23.92, -29.62, -15.96, -23.13, -19.85, 0.000, 0.000, 0.000, 20:19:10.817, 1541899150817
129, 0.00, -27.85, -23.89, -23.83, -29.68, -15.89, -23.58, -20.12, 0.000, 0.000, 0.000, 20:19:10.817, 1541899150817
130, 0.00, -27.96, -23.85, -24.14, -29.71, -15.74, -23.31, -20.03, 0.000, 0.000, 0.000, 20:19:10.818, 1541899150818
131, 0.00, -27.96, -23.94, -24.32, -29.41, -15.94, -23.04, -19.98, 0.000, 0.000, 0.000, 20:19:10.818, 1541899150818
132, 0.00, -28.10, -24.01, -23.80, -29.48, -16.12, -23.04, -19.87, 0.000, 0.000, 0.000, 20:19:10.818, 1541899150818
133, 0.00, -28.14, -24.01, -24.05, -29.50, -15.94, -23.13, -19.89, 0.000, 0.000, 0.000, 20:19:10.818, 1541899150818
134, 0.00, -28.01, -24.05, -24.16, -29.37, -15.80, -23.27, -19.92, 0.004, 0.862, 0.416, 20:19:10.819, 1541899150819
135, 0.00, -27.85, -24.07, -24.01, -29.59, -15.78, -23.27, -19.80, 0.000, 0.000, 0.000, 20:19:10.819, 1541899150819
136, 0.00, -27.92, -23.98, -23.78, -29.75, -16.07, -23.29, -19.83, 0.000, 0.000, 0.000, 20:19:10.819, 1541899150819
137, 0.00, -27.92, -23.80, -24.07, -29.68, -15.96, -23.34, -19.76, 0.000, 0.000, 0.000, 20:19:10.819, 1541899150819
138, 0.00, -27.87, -23.83, -23.98, -29.50, -15.78, -22.80, -19.74, 0.000, 0.000, 0.000, 20:19:10.819, 1541899150819
139, 0.00, -27.81, -24.01, -23.96, -29.62, -15.91, -23.04, -19.98, 0.000, 0.000, 0.000, 20:19:10.819, 1541899150819
140, 0.00, -27.72, -24.10, -23.94, -29.59, -15.94, -23.16, -20.14, 0.000, 0.000, 0.000, 20:19:10.819, 1541899150819
141, 0.00, -27.85, -24.12, -23.85, -29.86, -15.76, -23.02, -19.74, 0.000, 0.000, 0.000, 20:19:10.819, 1541899150819
142, 0.00, -27.92, -23.92, -23.94, -29.59, -15.85, -22.93, -19.71, 0.000, 0.000, 0.000, 20:19:10.819, 1541899150819
143, 0.00, -27.89, -23.87, -23.80, -29.48, -15.96, -23.45, -20.32, 0.000, 0.000, 0.000, 20:19:10.820, 1541899150820
144, 0.00, -27.85, -23.92, -23.89, -29.48, -15.62, -23.51, -20.07, 0.008, 0.852, 0.410, 20:19:10.820, 1541899150820
145, 0.00, -27.96, -24.01, -24.01, -29.53, -15.71, -23.34, -19.98, 0.000, 0.000, 0.000, 20:19:10.820, 1541899150820
146, 0.00, -27.92, -24.01, -24.34, -29.30, -16.00, -23.09, -19.98, 0.000, 0.000, 0.000, 20:19:10.820, 1541899150820
147, 0.00, -27.81, -24.14, -24.01, -29.53, -16.07, -22.80, -19.87, 0.000, 0.000, 0.000, 20:19:10.820, 1541899150820
148, 0.00, -27.74, -23.92, -24.23, -29.59, -16.16, -22.82, -19.87, 0.000, 0.000, 0.000, 20:19:10.820, 1541899150820
149, 0.00, -27.69, -23.87, -24.23, -29.59, -16.07, -23.27, -19.87, 0.000, 0.000, 0.000, 20:19:10.820, 1541899150820
150, 0.00, -27.85, -24.05, -23.89, -29.53, -16.07, -23.16, -19.92, 0.000, 0.000, 0.000, 20:19:10.820, 1541899150820
151, 0.00, -27.78, -24.01, -23.94, -29.68, -16.18, -22.93, -19.87, 0.000, 0.000, 0.000, 20:19:10.820, 1541899150820
152, 0.00, -28.01, -23.98, -24.14, -29.48, -15.91, -23.09, -20.27, 0.000, 0.000, 0.000, 20:19:10.821, 1541899150821
153, 0.00, -28.16, -23.98, -23.83, -29.55, -15.87, -23.22, -20.30, 0.000, 0.000, 0.000, 20:19:10.821, 1541899150821
154, 0.00, -28.21, -23.94, -23.85, -29.37, -15.98, -23.20, -20.05, 0.010, 0.858, 0.416, 20:19:10.821, 1541899150821
155, 0.00, -27.96, -23.89, -23.65, -29.44, -15.85, -23.11, -19.89, 0.000, 0.000, 0.000, 20:19:10.822, 1541899150822
156, 0.00, -27.92, -24.01, -23.83, -29.73, -15.87, -22.93, -19.92, 0.000, 0.000, 0.000, 20:19:10.822, 1541899150822
157, 0.00, -27.81, -24.10, -23.74, -29.79, -16.05, -23.00, -19.94, 0.000, 0.000, 0.000, 20:19:10.822, 1541899150822
158, 0.00, -28.07, -23.96, -24.03, -29.62, -16.23, -23.09, -20.09, 0.000, 0.000, 0.000, 20:19:10.822, 1541899150822
159, 0.00, -27.94, -24.05, -23.96, -29.59, -15.98, -23.16, -20.27, 0.000, 0.000, 0.000, 20:19:10.823, 1541899150823
160, 0.00, -27.92, -23.96, -23.85, -29.39, -16.03, -23.07, -20.05, 0.000, 0.000, 0.000, 20:19:10.823, 1541899150823
161, 0.00, -27.78, -23.94, -23.96, -29.37, -16.12, -23.00, -19.94, 0.000, 0.000, 0.000, 20:19:10.823, 1541899150823
162, 0.00, -28.05, -23.96, -23.85, -29.64, -16.12, -23.29, -19.98, 0.000, 0.000, 0.000, 20:19:10.823, 1541899150823
163, 0.00, -28.03, -24.16, -23.92, -29.48, -15.94, -23.25, -20.03, 0.000, 0.000, 0.000, 20:19:10.823, 1541899150823
164, 0.00, -27.81, -24.12, -23.96, -29.44, -16.07, -23.07, -19.89, 0.004, 0.856, 0.414, 20:19:10.823, 1541899150823
165, 0.00, -27.76, -24.07, -23.80, -29.59, -16.05, -23.04, -19.87, 0.000, 0.000, 0.000, 20:19:10.823, 1541899150823
166, 0.00, -27.92, -23.85, -23.67, -29.48, -16.05, -23.18, -19.76, 0.000, 0.000, 0.000, 20:19:10.823, 1541899150823
167, 0.00, -27.74, -23.98, -23.92, -29.33, -15.94, -22.93, -20.03, 0.000, 0.000, 0.000, 20:19:10.823, 1541899150823
168, 0.00, -27.72, -23.92, -24.07, -29.33, -15.96, -23.00, -19.98, 0.000, 0.000, 0.000, 20:19:10.823, 1541899150823
169, 0.00, -27.92, -24.05, -24.16, -29.53, -15.67, -22.98, -19.80, 0.000, 0.000, 0.000, 20:19:10.824, 1541899150824
170, 0.00, -27.76, -24.07, -24.05, -29.68, -15.80, -23.04, -19.87, 0.000, 0.000, 0.000, 20:19:10.824, 1541899150824
171, 0.00, -27.87, -23.83, -24.03, -29.55, -16.00, -23.09, -20.16, 0.000, 0.000, 0.000, 20:19:10.824, 1541899150824
172, 0.00, -28.14, -23.72, -24.05, -29.37, -15.89, -22.98, -20.14, 0.000, 0.000, 0.000, 20:19:10.824, 1541899150824
173, 0.00, -28.03, -23.80, -23.94, -29.41, -16.07, -23.11, -20.14, 0.000, 0.000, 0.000, 20:19:10.824, 1541899150824
0, 0.00, 0.00, 0.00, 0.00, 0.00, 0.00, 0.00, 0.00, 0.000, 0.000, 0.000, 20:19:10.826, 1541899150826
1, 0.00, -27.51, 0.00, -24.18, -28.68, -17.08, -23.74, -20.43, 0.000, 0.000, 0.000, 20:19:11.238, 1541899151238
2, 0.00, -27.40, 0.00, -24.27, -28.83, -17.19, -23.76, -20.38, 0.000, 0.000, 0.000, 20:19:11.238, 1541899151238
3, 0.00, -27.22, 0.00, -24.50, -28.79, -17.23, -23.72, -20.54, 0.000, 0.000, 0.000, 20:19:11.238, 1541899151238
4, 0.00, -27.40, 0.00, -24.65, -28.83, -17.32, -23.69, -20.41, 0.004, 0.864, 0.414, 20:19:11.238, 1541899151238
5, 0.00, -27.31, 0.00, -24.74, -28.65, -17.23, -23.83, -20.56, 0.000, 0.000, 0.000, 20:19:11.238, 1541899151238
6, 0.00, -27.18, 0.00, -24.56, -28.61, -17.08, -23.60, -20.43, 0.000, 0.000, 0.000, 20:19:11.239, 1541899151239
7, 0.00, -27.54, 0.00, -24.54, -28.39, -17.03, -23.56, -20.23, 0.000, 0.000, 0.000, 20:19:11.239, 1541899151239
8, 0.00, -27.65, 0.00, -24.56, -28.65, -17.19, -23.69, -20.36, 0.000, 0.000, 0.000, 20:19:11.239, 1541899151239
9, 0.00, -27.36, 0.00, -24.34, -28.74, -17.23, -23.60, -20.45, 0.000, 0.000, 0.000, 20:19:11.239, 1541899151239
10, 0.00, -27.29, 0.00, -24.45, -28.77, -17.28, -23.67, -20.47, 0.000, 0.000, 0.000, 20:19:11.239, 1541899151239
11, 0.00, -27.31, 0.00, -24.63, -28.79, -17.14, -23.98, -20.23, 0.000, 0.000, 0.000, 20:19:11.239, 1541899151239
12, 0.00, -27.47, 0.00, -24.63, -28.70, -16.94, -23.92, -20.27, 0.000, 0.000, 0.000, 20:19:11.239, 1541899151239
13, 0.00, -27.63, 0.00, -24.50, -28.52, -16.94, -23.83, -20.43, 0.000, 0.000, 0.000, 20:19:11.239, 1541899151239
14, 0.00, -27.47, 0.00, -24.54, -28.77, -16.92, -23.74, -20.72, 0.004, 0.868, 0.398, 20:19:11.239, 1541899151239
15, 0.00, -27.54, 0.00, -24.39, -28.99, -17.01, -23.83, -20.79, 0.000, 0.000, 0.000, 20:19:11.239, 1541899151239
16, 0.00, -27.31, 0.00, -24.34, -28.79, -17.01, -23.87, -20.68, 0.000, 0.000, 0.000, 20:19:11.240, 1541899151240
17, 0.00, -27.31, 0.00, -24.50, -28.88, -17.12, -23.72, -20.27, 0.000, 0.000, 0.000, 20:19:11.240, 1541899151240
18, 0.00, -27.38, 0.00, -24.72, -28.95, -17.08, -23.67, -20.47, 0.000, 0.000, 0.000, 20:19:11.240, 1541899151240
19, 0.00, -27.25, 0.00, -24.30, -28.72, -17.05, -23.65, -20.30, 0.000, 0.000, 0.000, 20:19:11.240, 1541899151240
20, 0.00, -27.31, 0.00, -24.30, -28.81, -17.19, -23.56, -20.14, 0.000, 0.000, 0.000, 20:19:11.240, 1541899151240
21, 0.00, -27.22, 0.00, -24.50, -28.86, -17.12, -23.69, -20.43, 0.000, 0.000, 0.000, 20:19:11.240, 1541899151240
22, 0.00, -27.20, 0.00, -24.41, -28.77, -17.32, -23.51, -20.43, 0.000, 0.000, 0.000, 20:19:11.240, 1541899151240
23, 0.00, -27.43, 0.00, -24.41, -28.79, -17.19, -23.65, -20.12, 0.000, 0.000, 0.000, 20:19:11.240, 1541899151240
24, 0.00, -27.47, 0.00, -24.45, -28.59, -17.10, -23.78, -20.27, 0.006, 0.880, 0.390, 20:19:11.240, 1541899151240
25, 0.00, -27.56, 0.00, -24.45, -28.63, -17.01, -23.83, -20.25, 0.000, 0.000, 0.000, 20:19:11.240, 1541899151240
26, 0.00, -27.34, 0.00, -24.56, -28.88, -17.03, -23.69, -20.25, 0.000, 0.000, 0.000, 20:19:11.241, 1541899151241
27, 0.00, -27.25, 0.00, -24.50, -28.70, -17.12, -23.96, -20.25, 0.000, 0.000, 0.000, 20:19:11.241, 1541899151241
28, 0.00, -27.54, 0.00, -24.54, -28.88, -17.12, -23.96, -20.27, 0.000, 0.000, 0.000, 20:19:11.241, 1541899151241
29, 0.00, -27.45, 0.00, -24.52, -28.92, -17.08, -23.65, -20.25, 0.000, 0.000, 0.000, 20:19:11.241, 1541899151241
30, 0.00, -27.18, 0.00, -24.72, -28.77, -17.08, -23.76, -20.25, 0.000, 0.000, 0.000, 20:19:11.241, 1541899151241
31, 0.00, -27.20, 0.00, -24.74, -28.77, -17.01, -23.83, -20.25, 0.000, 0.000, 0.000, 20:19:11.241, 1541899151241
32, 0.00, -27.29, 0.00, -24.70, -28.83, -17.03, -23.76, -20.18, 0.000, 0.000, 0.000, 20:19:11.241, 1541899151241
33, 0.00, -27.36, 0.00, -24.52, -28.70, -16.81, -23.89, -20.18, 0.000, 0.000, 0.000, 20:19:11.241, 1541899151241
34, 0.00, -27.36, 0.00, -24.45, -28.59, -17.01, -23.74, -20.21, 0.006, 0.878, 0.390, 20:19:11.241, 1541899151241
35, 0.00, -27.36, 0.00, -24.36, -28.70, -17.23, -23.69, -20.41, 0.000, 0.000, 0.000, 20:19:11.241, 1541899151241
36, 0.00, -27.43, 0.00, -24.52, -28.70, -17.30, -23.67, -20.52, 0.000, 0.000, 0.000, 20:19:11.241, 1541899151241
37, 0.00, -27.51, 0.00, -24.48, -28.61, -17.30, -23.72, -20.54, 0.000, 0.000, 0.000, 20:19:11.242, 1541899151242
38, 0.00, -27.38, 0.00, -24.43, -28.63, -17.43, -23.78, -20.54, 0.000, 0.000, 0.000, 20:19:11.242, 1541899151242
39, 0.00, -27.38, 0.00, -24.41, -28.79, -17.14, -23.83, -20.47, 0.000, 0.000, 0.000, 20:19:11.242, 1541899151242
40, 0.00, -27.20, 0.00, -24.50, -28.72, -17.21, -23.63, -20.09, 0.000, 0.000, 0.000, 20:19:11.242, 1541899151242
41, 0.00, -27.27, 0.00, -24.52, -28.97, -17.23, -23.56, -20.32, 0.000, 0.000, 0.000, 20:19:11.242, 1541899151242
42, 0.00, -27.45, 0.00, -24.77, -28.81, -17.12, -23.63, -20.54, 0.000, 0.000, 0.000, 20:19:11.242, 1541899151242
43, 0.00, -27.45, 0.00, -24.63, -28.79, -17.19, -23.60, -20.38, 0.000, 0.000, 0.000, 20:19:11.243, 1541899151243
44, 0.00, -27.25, 0.00, -24.72, -28.99, -17.32, -23.92, -20.25, 0.000, 0.000, 0.000, 20:19:11.243, 1541899151243
45, 0.00, -27.49, 0.00, -24.61, -28.81, -17.23, -23.78, -20.14, 0.010, 0.866, 0.392, 20:19:11.243, 1541899151243
46, 0.00, -27.51, 0.00, -24.50, -28.34, -17.30, -23.83, -20.23, 0.000, 0.000, 0.000, 20:19:11.243, 1541899151243
47, 0.00, -27.22, 0.00, -24.72, -28.83, -17.03, -23.80, -20.30, 0.000, 0.000, 0.000, 20:19:11.243, 1541899151243
48, 0.00, -27.18, 0.00, -24.65, -28.97, -16.74, -23.83, -20.09, 0.000, 0.000, 0.000, 20:19:11.243, 1541899151243
49, 0.00, -27.16, 0.00, -24.50, -28.63, -16.99, -23.76, -20.09, 0.000, 0.000, 0.000, 20:19:11.243, 1541899151243
50, 0.00, -27.09, 0.00, -24.52, -28.81, -16.96, -23.76, -20.47, 0.000, 0.000, 0.000, 20:19:11.243, 1541899151243
51, 0.00, -27.14, 0.00, -24.65, -28.77, -17.19, -23.74, -20.30, 0.000, 0.000, 0.000, 20:19:11.243, 1541899151243
52, 0.00, -27.29, 0.00, -24.41, -28.95, -17.26, -23.74, -20.47, 0.000, 0.000, 0.000, 20:19:11.243, 1541899151243
53, 0.00, -27.60, 0.00, -24.39, -28.97, -16.88, -23.47, -20.50, 0.000, 0.000, 0.000, 20:19:11.243, 1541899151243
54, 0.00, -27.74, 0.00, -24.86, -28.81, -17.08, -23.51, -20.36, 0.000, 0.000, 0.000, 20:19:11.243, 1541899151243
55, 0.00, -27.49, 0.00, -24.56, -28.63, -16.99, -23.72, -20.38, 0.010, 0.862, 0.404, 20:19:11.243, 1541899151243
56, 0.00, -27.27, 0.00, -24.52, -28.54, -16.99, -23.54, -20.38, 0.000, 0.000, 0.000, 20:19:11.243, 1541899151243
57, 0.00, -27.09, 0.00, -24.61, -28.65, -17.28, -23.34, -20.36, 0.000, 0.000, 0.000, 20:19:11.244, 1541899151244
58, 0.00, -27.36, 0.00, -24.34, -29.03, -17.12, -23.74, -20.25, 0.000, 0.000, 0.000, 20:19:11.244, 1541899151244
59, 0.00, -27.58, 0.00, -24.41, -29.10, -17.12, -23.72, -20.36, 0.000, 0.000, 0.000, 20:19:11.244, 1541899151244
60, 0.00, -27.45, 0.00, -24.45, -28.77, -17.19, -23.49, -20.27, 0.000, 0.000, 0.000, 20:19:11.244, 1541899151244
61, 0.00, -27.40, 0.00, -24.63, -28.81, -17.17, -23.74, -20.56, 0.000, 0.000, 0.000, 20:19:11.244, 1541899151244
62, 0.00, -27.36, 0.00, -24.56, -28.88, -17.08, -23.67, -20.54, 0.000, 0.000, 0.000, 20:19:11.244, 1541899151244
63, 0.00, -27.51, 0.00, -24.52, -28.77, -17.12, -23.56, -20.50, 0.000, 0.000, 0.000, 20:19:11.244, 1541899151244
64, 0.00, -27.58, 0.00, -24.56, -28.79, -17.05, -23.96, -20.52, 0.000, 0.000, 0.000, 20:19:11.244, 1541899151244
65, 0.00, -27.51, 0.00, -24.65, -29.06, -16.96, -23.92, -20.43, 0.008, 0.850, 0.410, 20:19:11.244, 1541899151244
66, 0.00, -27.51, 0.00, -24.50, -29.06, -17.26, -23.63, -20.50, 0.000, 0.000, 0.000, 20:19:11.244, 1541899151244
67, 0.00, -27.29, 0.00, -24.61, -28.86, -17.08, -23.54, -20.59, 0.000, 0.000, 0.000, 20:19:11.244, 1541899151244
68, 0.00, -27.20, 0.00, -24.45, -28.63, -16.85, -23.74, -20.50, 0.000, 0.000, 0.000, 20:19:11.244, 1541899151244
69, 0.00, -27.36, 0.00, -24.36, -28.86, -16.81, -23.67, -20.18, 0.000, 0.000, 0.000, 20:19:11.244, 1541899151244
70, 0.00, -27.40, 0.00, -24.30, -28.99, -17.08, -23.67, -20.27, 0.000, 0.000, 0.000, 20:19:11.244, 1541899151244
71, 0.00, -27.16, 0.00, -24.63, -28.81, -17.30, -23.78, -20.50, 0.000, 0.000, 0.000, 20:19:11.244, 1541899151244
72, 0.00, -27.40, 0.00, -24.61, -28.83, -17.14, -23.94, -20.18, 0.000, 0.000, 0.000, 20:19:11.244, 1541899151244
73, 0.00, -27.47, 0.00, -24.50, -28.90, -17.08, -23.63, -20.36, 0.000, 0.000, 0.000, 20:19:11.244, 1541899151244
74, 0.00, -27.47, 0.00, -24.39, -28.79, -17.08, -23.89, -20.52, 0.000, 0.000, 0.000, 20:19:11.245, 1541899151245
75, 0.00, -27.20, 0.00, -24.65, -28.88, -17.08, -23.80, -20.61, 0.004, 0.856, 0.418, 20:19:11.245, 1541899151245
76, 0.00, -27.43, 0.00, -24.83, -28.81, -17.03, -23.65, -20.47, 0.000, 0.000, 0.000, 20:19:11.245, 1541899151245
77, 0.00, -27.47, 0.00, -24.74, -28.74, -17.12, -23.51, -20.00, 0.000, 0.000, 0.000, 20:19:11.245, 1541899151245
78, 0.00, -27.31, 0.00, -24.61, -28.83, -17.08, -23.85, -20.05, 0.000, 0.000, 0.000, 20:19:11.245, 1541899151245
79, 0.00, -27.63, 0.00, -24.48, -28.70, -17.14, -23.80, -20.38, 0.000, 0.000, 0.000, 20:19:11.245, 1541899151245
80, 0.00, -27.51, 0.00, -24.39, -28.59, -17.23, -23.74, -20.65, 0.000, 0.000, 0.000, 20:19:11.245, 1541899151245
81, 0.00, -27.47, 0.00, -24.54, -28.61, -17.26, -23.63, -20.56, 0.000, 0.000, 0.000, 20:19:11.245, 1541899151245
82, 0.00, -27.36, 0.00, -24.61, -28.86, -16.92, -23.74, -20.36, 0.000, 0.000, 0.000, 20:19:11.245, 1541899151245
83, 0.00, -27.56, 0.00, -24.61, -28.68, -16.85, -23.94, -20.43, 0.000, 0.000, 0.000, 20:19:11.245, 1541899151245
84, 0.00, -27.09, 0.00, -24.77, -28.88, -17.19, -23.72, -20.47, 0.000, 0.000, 0.000, 20:19:11.245, 1541899151245
85, 0.00, -27.29, 0.00, -24.45, -28.61, -17.03, -23.40, -20.81, 0.008, 0.852, 0.424, 20:19:11.245, 1541899151245
86, 0.00, -27.34, 0.00, -24.14, -28.77, -17.08, -23.72, -20.50, 0.000, 0.000, 0.000, 20:19:11.245, 1541899151245
87, 0.00, -27.29, 0.00, -24.50, -28.88, -17.30, -23.63, -20.41, 0.000, 0.000, 0.000, 20:19:11.245, 1541899151245
88, 0.00, -27.31, 0.00, -24.48, -28.77, -17.30, -23.40, -20.43, 0.000, 0.000, 0.000, 20:19:11.246, 1541899151246
89, 0.00, -27.25, 0.00, -24.23, -28.63, -17.26,