%OpenBCI Raw EEG Data
%Number of channels = 8
%Sample Rate = 250.0 Hz
%First Column = SampleIndex
%Last Column = Timestamp 
%Other Columns = EEG data in microvolts followed by Accel Data (in G) interleaved with Aux Data
0, -18.08, -26.67, -26.08, -21.06, -28.70, -26.20, -16.90, -19.83, 0.038, 0.506, -0.004, 20:49:04.992, 1541900944992
1, -18.04, -26.64, -26.13, -20.90, -28.61, -26.20, -16.85, -19.92, 0.000, 0.000, 0.000, 20:49:04.992, 1541900944992
2, -18.08, -26.73, -26.08, -20.70, -28.41, -26.11, -16.85, -19.85, 0.000, 0.000, 0.000, 20:49:04.992, 1541900944992
3, -17.86, -26.82, -26.08, -20.65, -28.39, -26.20, -16.79, -19.80, 0.000, 0.000, 0.000, 20:49:04.992, 1541900944992
4, -17.90, -26.53, -26.11, -20.65, -28.21, -26.08, -17.08, -19.92, 0.000, 0.000, 0.000, 20:49:04.992, 1541900944992
5, -18.24, -26.64, -26.08, -20.81, -28.19, -26.22, -16.92, -20.05, 0.000, 0.000, 0.000, 20:49:04.992, 1541900944992
6, -18.02, -26.76, -26.13, -20.56, -28.32, -26.20, -16.79, -19.87, 0.000, 0.000, 0.000, 20:49:04.992, 1541900944992
7, -18.10, -26.42, -26.13, -20.50, -28.25, -25.97, -16.79, -19.85, 0.040, 0.766, -0.010, 20:49:04.992, 1541900944992
8, -18.13, -26.49, -26.17, -20.76, -28.25, -26.17, -16.92, -19.67, 0.000, 0.000, 0.000, 20:49:04.992, 1541900944992
9, -18.04, -26.84, -26.15, -20.88, -28.41, -26.31, -16.79, -19.62, 0.000, 0.000, 0.000, 20:49:04.992, 1541900944992
10, -17.81, -26.96, -26.06, -20.92, -28.32, -26.17, -16.90, -19.60, 0.000, 0.000, 0.000, 20:49:04.992, 1541900944992
11, -18.02, -26.64, -26.13, -20.76, -28.43, -26.00, -17.05, -19.67, 0.000, 0.000, 0.000, 20:49:04.993, 1541900944993
12, -18.02, -26.62, -26.13, -20.59, -28.25, -26.13, -17.12, -19.60, 0.000, 0.000, 0.000, 20:49:04.993, 1541900944993
13, -18.02, -26.84, -26.08, -20.76, -28.05, -26.20, -17.23, -19.98, 0.000, 0.000, 0.000, 20:49:04.996, 1541900944996
14, -17.95, -26.73, -26.06, -20.70, -28.03, -26.13, -17.01, -19.83, 0.000, 0.000, 0.000, 20:49:04.997, 1541900944997
15, -17.84, -26.80, -26.17, -20.83, -28.36, -26.40, -16.85, -19.65, 0.000, 0.000, 0.000, 20:49:04.997, 1541900944997
16, -18.04, -26.73, -26.17, -21.06, -28.39, -26.11, -17.08, -19.65, 0.040, 0.892, -0.004, 20:49:04.997, 1541900944997
17, -18.10, -26.46, -26.02, -20.76, -28.41, -26.02, -16.88, -19.89, 0.000, 0.000, 0.000, 20:49:04.997, 1541900944997
18, -18.08, -26.53, -26.06, -20.83, -28.32, -26.06, -16.92, -19.85, 0.000, 0.000, 0.000, 20:49:04.998, 1541900944998
19, -18.04, -26.84, -26.08, -20.99, -28.10, -26.02, -16.72, -19.83, 0.000, 0.000, 0.000, 20:49:04.998, 1541900944998
20, -17.99, -26.76, -26.04, -20.94, -28.30, -26.20, -16.85, -19.78, 0.000, 0.000, 0.000, 20:49:04.998, 1541900944998
21, -17.90, -26.84, -26.06, -21.14, -28.25, -26.02, -16.85, -19.87, 0.000, 0.000, 0.000, 20:49:04.998, 1541900944998
22, -18.04, -26.69, -26.08, -21.10, -28.16, -25.91, -16.79, -19.80, 0.000, 0.000, 0.000, 20:49:05.000, 1541900945000
23, -18.08, -26.58, -26.13, -20.97, -28.25, -25.95, -16.90, -19.71, 0.000, 0.000, 0.000, 20:49:05.002, 1541900945002
24, -18.04, -26.67, -26.13, -20.76, -28.27, -26.24, -17.08, -20.05, 0.000, 0.000, 0.000, 20:49:05.003, 1541900945003
25, -17.75, -26.64, -26.04, -20.83, -28.32, -26.20, -17.10, -19.94, 0.000, 0.000, 0.000, 20:49:05.004, 1541900945004
26, -17.64, -26.46, -26.08, -20.99, -28.27, -26.35, -16.85, -19.65, 0.042, 0.948, -0.004, 20:49:05.005, 1541900945005
27, -17.68, -26.73, -26.13, -20.92, -28.21, -25.97, -16.92, -19.87, 0.000, 0.000, 0.000, 20:49:05.005, 1541900945005
28, -17.70, -26.76, -26.13, -20.34, -28.32, -25.97, -16.76, -19.71, 0.000, 0.000, 0.000, 20:49:05.005, 1541900945005
29, -17.81, -26.73, -26.20, -20.54, -28.05, -26.20, -16.67, -19.80, 0.000, 0.000, 0.000, 20:49:05.005, 1541900945005
30, -17.70, -26.98, -26.20, -20.72, -28.34, -26.08, -16.92, -19.69, 0.000, 0.000, 0.000, 20:49:05.005, 1541900945005
31, -17.93, -26.84, -26.06, -20.72, -28.57, -25.97, -17.01, -19.71, 0.000, 0.000, 0.000, 20:49:05.005, 1541900945005
32, -18.13, -26.89, -26.13, -20.83, -28.41, -26.24, -16.88, -19.78, 0.000, 0.000, 0.000, 20:49:05.006, 1541900945006
33, -17.97, -27.07, -26.15, -20.85, -28.30, -26.46, -16.72, -19.92, 0.000, 0.000, 0.000, 20:49:05.006, 1541900945006
34, -18.10, -26.84, -26.15, -20.74, -28.30, -26.13, -16.85, -19.96, 0.000, 0.000, 0.000, 20:49:05.006, 1541900945006
35, -17.99, -26.64, -26.11, -20.76, -28.39, -25.91, -16.85, -19.87, 0.000, 0.000, 0.000, 20:49:05.006, 1541900945006
36, -18.15, -26.53, -26.17, -20.65, -28.36, -25.88, -16.83, -19.69, 0.062, 0.968, -0.004, 20:49:05.006, 1541900945006
37, -18.02, -26.58, -26.06, -21.03, -28.36, -26.11, -16.96, -19.60, 0.000, 0.000, 0.000, 20:49:05.006, 1541900945006
38, -17.90, -26.78, -26.06, -20.79, -28.27, -26.08, -16.96, -19.96, 0.000, 0.000, 0.000, 20:49:05.006, 1541900945006
39, -17.75, -26.76, -26.13, -20.72, -28.25, -26.17, -16.74, -19.94, 0.000, 0.000, 0.000, 20:49:05.006, 1541900945006
40, -17.90, -26.84, -26.13, -20.99, -28.32, -26.08, -17.08, -19.98, 0.000, 0.000, 0.000, 20:49:05.006, 1541900945006
41, -17.99, -27.02, -26.04, -20.92, -28.14, -26.11, -17.05, -19.83, 0.000, 0.000, 0.000, 20:49:05.006, 1541900945006
42, -18.19, -26.93, -26.06, -20.88, -28.23, -26.20, -16.92, -19.85, 0.000, 0.000, 0.000, 20:49:05.006, 1541900945006
43, -17.97, -26.76, -26.13, -20.83, -28.21, -26.13, -16.96, -20.21, 0.000, 0.000, 0.000, 20:49:05.006, 1541900945006
44, -17.79, -26.69, -26.11, -20.70, -28.32, -26.22, -16.92, -20.16, 0.000, 0.000, 0.000, 20:49:05.007, 1541900945007
45, -17.99, -26.87, -26.08, -20.94, -28.19, -26.04, -16.81, -20.03, 0.000, 0.000, 0.000, 20:49:05.007, 1541900945007
46, -18.04, -26.87, -26.08, -20.65, -28.19, -26.13, -16.85, -20.16, 0.084, 0.980, -0.012, 20:49:05.007, 1541900945007
47, -18.10, -26.80, -26.13, -20.63, -28.27, -26.15, -16.96, -19.69, 0.000, 0.000, 0.000, 20:49:05.007, 1541900945007
48, -17.81, -26.73, -26.08, -20.83, -28.36, -26.29, -16.92, -19.71, 0.000, 0.000, 0.000, 20:49:05.007, 1541900945007
49, -17.79, -26.76, -26.13, -20.79, -28.52, -26.24, -16.88, -19.85, 0.000, 0.000, 0.000, 20:49:05.007, 1541900945007
50, -18.04, -26.71, -26.11, -21.03, -28.21, -26.11, -16.96, -19.98, 0.000, 0.000, 0.000, 20:49:05.007, 1541900945007
51, -18.04, -26.71, -26.08, -20.90, -28.25, -26.24, -17.21, -19.87, 0.000, 0.000, 0.000, 20:49:05.007, 1541900945007
52, -18.17, -26.80, -26.08, -20.74, -28.25, -26.24, -17.12, -19.92, 0.000, 0.000, 0.000, 20:49:05.007, 1541900945007
53, -18.13, -26.73, -26.06, -20.81, -28.32, -26.04, -16.92, -19.71, 0.000, 0.000, 0.000, 20:49:05.007, 1541900945007
54, -17.81, -26.87, -26.08, -20.68, -28.36, -26.24, -16.92, -19.98, 0.000, 0.000, 0.000, 20:49:05.007, 1541900945007
55, -17.97, -26.91, -26.08, -20.59, -28.23, -26.17, -16.83, -19.87, 0.000, 0.000, 0.000, 20:49:05.007, 1541900945007
56, -17.86, -26.67, -26.08, -20.85, -28.03, -26.20, -16.92, -19.74, 0.090, 0.994, -0.012, 20:49:05.007, 1541900945007
57, -17.81, -26.73, -26.08, -21.01, -28.19, -26.06, -16.94, -19.94, 0.000, 0.000, 0.000, 20:49:05.008, 1541900945008
58, -17.81, -26.89, -26.06, -20.85, -28.48, -26.13, -17.08, -19.54, 0.000, 0.000, 0.000, 20:49:05.008, 1541900945008
59, -18.15, -26.91, -26.06, -20.79, -28.41, -26.33, -17.12, -19.69, 0.000, 0.000, 0.000, 20:49:05.008, 1541900945008
60, -18.04, -26.82, -26.08, -20.94, -28.23, -26.13, -16.92, -19.74, 0.000, 0.000, 0.000, 20:49:05.008, 1541900945008
61, -17.97, -26.78, -26.11, -20.81, -27.92, -25.95, -16.76, -19.94, 0.000, 0.000, 0.000, 20:49:05.008, 1541900945008
62, -17.90, -26.53, -26.13, -20.97, -27.87, -26.06, -16.85, -19.83, 0.000, 0.000, 0.000, 20:49:05.008, 1541900945008
63, -17.84, -26.53, -26.08, -20.92, -28.10, -26.15, -16.92, -19.87, 0.000, 0.000, 0.000, 20:49:05.008, 1541900945008
64, -17.59, -26.62, -26.06, -21.21, -28.34, -25.91, -16.88, -19.65, 0.000, 0.000, 0.000, 20:49:05.008, 1541900945008
65, -17.84, -26.62, -26.02, -21.08, -28.52, -25.97, -16.99, -19.76, 0.084, 1.002, -0.010, 20:49:05.008, 1541900945008
66, -17.86, -26.64, -26.13, -20.79, -28.41, -26.13, -17.05, -19.78, 0.000, 0.000, 0.000, 20:49:05.008, 1541900945008
67, -17.81, -26.67, -26.08, -20.85, -28.32, -26.13, -17.03, -19.56, 0.000, 0.000, 0.000, 20:49:05.008, 1541900945008
68, -17.99, -26.69, -26.08, -20.99, -28.03, -25.97, -16.85, -19.60, 0.000, 0.000, 0.000, 20:49:05.008, 1541900945008
69, -18.13, -26.62, -26.17, -20.79, -28.07, -26.11, -16.74, -19.89, 0.000, 0.000, 0.000, 20:49:05.009, 1541900945009
70, -18.06, -26.46, -26.17, -20.88, -28.23, -26.15, -16.90, -20.00, 0.000, 0.000, 0.000, 20:49:05.009, 1541900945009
71, -18.06, -26.64, -26.20, -20.88, -28.19, -26.04, -17.01, -19.87, 0.000, 0.000, 0.000, 20:49:05.009, 1541900945009
72, -18.02, -26.44, -26.17, -20.88, -28.21, -25.97, -17.03, -19.67, 0.000, 0.000, 0.000, 20:49:05.009, 1541900945009
73, -17.93, -26.49, -26.17, -20.83, -28.43, -26.02, -17.03, -19.76, 0.000, 0.000, 0.000, 20:49:05.009, 1541900945009
74, -17.93, -26.78, -26.08, -20.83, -28.39, -26.06, -16.90, -19.87, 0.000, 0.000, 0.000, 20:49:05.009, 1541900945009
75, -18.02, -27.07, -26.08, -20.81, -28.34, -26.06, -17.01, -20.05, 0.066, 1.004, -0.006, 20:49:05.009, 1541900945009
76, -17.93, -26.84, -26.11, -21.10, -28.27, -26.38, -16.92, -20.09, 0.000, 0.000, 0.000, 20:49:05.009, 1541900945009
77, -18.10, -26.71, -26.08, -21.06, -28.12, -26.46, -16.85, -20.12, 0.000, 0.000, 0.000, 20:49:05.009, 1541900945009
78, -18.04, -26.76, -26.11, -20.65, -28.05, -26.38, -16.79, -20.03, 0.000, 0.000, 0.000, 20:49:05.009, 1541900945009
79, -18.22, -26.62, -26.06, -20.76, -28.32, -26.13, -16.88, -20.00, 0.000, 0.000, 0.000, 20:49:05.009, 1541900945009
80, -18.19, -26.69, -26.08, -20.85, -28.36, -26.29, -16.92, -19.80, 0.000, 0.000, 0.000, 20:49:05.009, 1541900945009
81, -17.97, -26.64, -26.06, -20.99, -28.41, -26.35, -16.92, -19.76, 0.000, 0.000, 0.000, 20:49:05.010, 1541900945010
82, -17.95, -26.82, -26.08, -20.79, -28.45, -26.46, -16.99, -20.05, 0.000, 0.000, 0.000, 20:49:05.010, 1541900945010
83, -18.13, -26.55, -26.06, -20.92, -28.48, -26.15, -17.05, -19.92, 0.000, 0.000, 0.000, 20:49:05.010, 1541900945010
84, -17.97, -26.53, -26.06, -21.01, -28.45, -26.13, -17.12, -19.96, 0.000, 0.000, 0.000, 20:49:05.010, 1541900945010
85, -17.97, -26.55, -26.06, -20.92, -28.52, -26.13, -17.08, -19.83, 0.054, 0.996, -0.004, 20:49:05.010, 1541900945010
86, -18.02, -26.46, -26.13, -20.79, -28.41, -26.35, -16.79, -19.76, 0.000, 0.000, 0.000, 20:49:05.010, 1541900945010
87, -17.93, -26.69, -26.11, -20.65, -28.57, -26.29, -16.81, -19.74, 0.000, 0.000, 0.000, 20:49:05.010, 1541900945010
88, -17.81, -26.78, -26.11, -20.94, -28.30, -26.35, -16.74, -19.87, 0.000, 0.000, 0.000, 20:49:05.010, 1541900945010
89, -17.84, -26.58, -26.08, -20.81, -28.10, -25.97, -16.92, -19.92, 0.000, 0.000, 0.000, 20:49:05.010, 1541900945010
90, -17.84, -26.64, -26.13, -20.79, -28.23, -26.24, -16.81, -19.80, 0.000, 0.000, 0.000, 20:49:05.010, 1541900945010
91, -18.15, -26.89, -26.08, -20.81, -28.14, -26.11, -16.81, -19.89, 0.000, 0.000, 0.000, 20:49:05.010, 1541900945010
92, -17.97, -26.96, -26.13, -20.81, -28.32, -26.08, -16.92, -19.80, 0.000, 0.000, 0.000, 20:49:05.010, 1541900945010
93, -17.90, -26.84, -26.13, -20.59, -28.27, -26.17, -16.99, -19.89, 0.000, 0.000, 0.000, 20:49:05.010, 1541900945010
94, -18.08, -26.76, -26.08, -20.70, -28.48, -26.17, -17.12, -20.00, 0.000, 0.000, 0.000, 20:49:05.011, 1541900945011
95, -18.24, -26.69, -26.11, -20.70, -28.41, -25.95, -17.01, -19.94, 0.066, 0.988, 0.002, 20:49:05.011, 1541900945011
96, -18.19, -26.62, -26.08, -20.65, -28.45, -25.79, -17.03, -19.87, 0.000, 0.000, 0.000, 20:49:05.011, 1541900945011
97, -17.86, -26.64, -26.06, -20.59, -28.41, -25.88, -17.05, -19.96, 0.000, 0.000, 0.000, 20:49:05.011, 1541900945011
98, -17.79, -26.78, -26.08, -20.70, -28.23, -26.33, -16.96, -19.94, 0.000, 0.000, 0.000, 20:49:05.011, 1541900945011
99, -17.99, -26.73, -26.15, -20.70, -28.16, -26.06, -16.96, -20.14, 0.000, 0.000, 0.000, 20:49:05.011, 1541900945011
100, -18.04, -26.76, -26.17, -20.90, -28.19, -26.02, -16.92, -19.96, 0.000, 0.000, 0.000, 20:49:05.011, 1541900945011
101, -17.93, -26.73, -26.13, -20.83, -28.43, -26.11, -16.85, -19.83, 0.000, 0.000, 0.000, 20:49:05.011, 1541900945011
102, -17.99, -26.62, -26.13, -20.79, -28.54, -26.17, -16.76, -19.87, 0.000, 0.000, 0.000, 20:49:05.011, 1541900945011
103, -18.04, -26.55, -26.13, -20.76, -28.63, -26.17, -16.88, -19.92, 0.000, 0.000, 0.000, 20:49:05.011, 1541900945011
104, -18.04, -26.60, -26.06, -20.61, -28.61, -26.04, -16.79, -20.09, 0.060, 0.994, 0.012, 20:49:05.011, 1541900945011
105, -18.04, -26.76, -26.04, -20.70, -28.52, -26.20, -16.79, -19.94, 0.000, 0.000, 0.000, 20:49:05.011, 1541900945011
106, -18.40, -26.76, -26.08, -20.81, -28.34, -26.13, -16.81, -19.74, 0.000, 0.000, 0.000, 20:49:05.011, 1541900945011
107, -17.97, -26.93, -26.11, -20.92, -28.32, -25.91, -16.79, -19.74, 0.000, 0.000, 0.000, 20:49:05.012, 1541900945012
108, -17.88, -26.69, -26.08, -20.72, -28.21, -25.95, -16.81, -19.80, 0.000, 0.000, 0.000, 20:49:05.012, 1541900945012
109, -17.93, -26.80, -26.08, -20.76, -28.27, -25.97, -16.88, -19.87, 0.000, 0.000, 0.000, 20:49:05.012, 1541900945012
110, -18.02, -26.64, -26.13, -20.76, -28.25, -25.97, -16.85, -19.83, 0.000, 0.000, 0.000, 20:49:05.012, 1541900945012
111, -17.81, -26.80, -26.15, -20.88, -28.27, -26.06, -16.90, -19.89, 0.000, 0.000, 0.000, 20:49:05.012, 1541900945012
112, -17.79, -26.89, -26.13, -20.88, -27.96, -26.29, -17.03, -19.80, 0.000, 0.000, 0.000, 20:49:05.012, 1541900945012
113, -18.04, -26.76, -26.11, -20.72, -28.03, -26.08, -17.12, -20.03, 0.000, 0.000, 0.000, 20:49:05.012, 1541900945012
114, -18.02, -26.67, -26.17, -20.76, -28.41, -26.06, -16.94, -20.05, 0.050, 0.990, 0.004, 20:49:05.012, 1541900945012
115, -18.02, -26.76, -26.11, -20.88, -28.50, -26.04, -16.74, -20.09, 0.000, 0.000, 0.000, 20:49:05.012, 1541900945012
116, -17.90, -26.67, -26.08, -20.94, -28.16, -26.38, -17.03, -19.83, 0.000, 0.000, 0.000, 20:49:05.012, 1541900945012
117, -17.99, -26.73, -26.13, -20.83, -28.36, -26.42, -17.26, -20.03, 0.000, 0.000, 0.000, 20:49:05.012, 1541900945012
118, -17.79, -26.98, -26.17, -20.90, -28.52, -26.29, -17.14, -19.94, 0.000, 0.000, 0.000, 20:49:05.012, 1541900945012
119, -17.86, -26.73, -26.06, -20.76, -28.36, -25.97, -17.01, -19.98, 0.000, 0.000, 0.000, 20:49:05.013, 1541900945013
120, -17.99, -26.58, -26.06, -20.92, -28.39, -25.97, -16.88, -19.94, 0.000, 0.000, 0.000, 20:49:05.484, 1541900945484
121, -18.04, -26.62, -26.02, -21.01, -28.23, -26.06, -16.92, -19.83, 0.000, 0.000, 0.000, 20:49:05.484, 1541900945484
122, -17.88, -26.78, -26.06, -20.70, -28.41, -26.15, -16.90, -19.71, 0.000, 0.000, 0.000, 20:49:05.484, 1541900945484
123, -17.79, -26.51, -26.11, -20.79, -28.23, -25.93, -17.03, -19.92, 0.000, 0.000, 0.000, 20:49:05.484, 1541900945484
124, -18.04, -26.69, -26.08, -20.65, -28.12, -26.20, -16.92, -19.80, 0.056, 0.984, 0.010, 20:49:05.485, 1541900945485
125, -17.90, -26.84, -26.06, -20.81, -28.07, -26.11, -17.08, -19.65, 0.000, 0.000, 0.000, 20:49:05.485, 1541900945485
126, -17.81, -26.73, -26.02, -20.72, -28.21, -26.20, -16.72, -19.69, 0.000, 0.000, 0.000, 20:49:05.485, 1541900945485
127, -17.79, -26.80, -26.13, -20.65, -28.41, -26.13, -16.85, -19.76, 0.000, 0.000, 0.000, 20:49:05.485, 1541900945485
128, -17.90, -26.89, -26.08, -20.68, -28.43, -26.06, -16.90, -19.76, 0.000, 0.000, 0.000, 20:49:05.485, 1541900945485
129, -17.95, -26.87, -26.04, -20.65, -28.43, -26.13, -16.76, -19.87, 0.000, 0.000, 0.000, 20:49:05.486, 1541900945486
130, -17.93, -26.62, -26.17, -20.94, -28.43, -26.06, -16.94, -19.98, 0.000, 0.000, 0.000, 20:49:05.486, 1541900945486
131, -17.90, -26.76, -26.15, -21.06, -28.30, -25.86, -16.99, -19.92, 0.000, 0.000, 0.000, 20:49:05.486, 1541900945486
132, -18.13, -26.82, -26.13, -21.14, -28.23, -26.00, -16.94, -19.76, 0.000, 0.000, 0.000, 20:49:05.486, 1541900945486
133, -17.93, -26.69, -26.13, -20.81, -28.14, -26.11, -16.81, -19.92, 0.000, 0.000, 0.000, 20:49:05.487, 1541900945487
134, -17.93, -26.96, -26.08, -20.61, -28.30, -26.20, -16.76, -19.94, 0.072, 0.988, 0.010, 20:49:05.488, 1541900945488
135, -18.13, -26.91, -26.08, -20.45, -28.16, -25.97, -16.88, -19.65, 0.000, 0.000, 0.000, 20:49:05.488, 1541900945488
136, -18.10, -27.07, -26.08, -20.72, -28.48, -26.06, -17.01, -19.80, 0.000, 0.000, 0.000, 20:49:05.488, 1541900945488
137, -18.28, -26.87, -26.13, -20.76, -28.43, -25.93, -16.79, -20.05, 0.000, 0.000, 0.000, 20:49:05.488, 1541900945488
138, -18.10, -26.87, -26.15, -20.83, -28.45, -26.17, -16.90, -19.94, 0.000, 0.000, 0.000, 20:49:05.488, 1541900945488
139, -17.97, -26.96, -26.13, -20.97, -28.23, -26.08, -16.96, -19.58, 0.000, 0.000, 0.000, 20:49:05.488, 1541900945488
140, -18.06, -26.67, -26.13, -20.99, -28.48, -25.93, -16.85, -19.54, 0.000, 0.000, 0.000, 20:49:05.488, 1541900945488
141, -18.02, -26.76, -26.13, -20.85, -28.65, -26.00, -16.85, -19.76, 0.000, 0.000, 0.000, 20:49:05.489, 1541900945489
142, -17.84, -26.80, -26.13, -20.85, -28.39, -25.97, -16.76, -20.05, 0.000, 0.000, 0.000, 20:49:05.489, 1541900945489
143, -17.84, -26.93, -26.08, -21.03, -28.19, -26.02, -16.85, -20.14, 0.000, 0.000, 0.000, 20:49:05.489, 1541900945489
144, -17.88, -26.67, -26.08, -20.83, -28.21, -25.91, -16.88, -20.03, 0.084, 0.998, 0.012, 20:49:05.489, 1541900945489
145, -17.86, -26.55, -26.13, -20.47, -28.32, -26.02, -16.96, -19.69, 0.000, 0.000, 0.000, 20:49:05.489, 1541900945489
146, -17.97, -26.87, -26.08, -20.83, -28.43, -26.11, -16.88, -19.80, 0.000, 0.000, 0.000, 20:49:05.489, 1541900945489
147, -17.90, -26.84, -26.13, -21.08, -28.57, -26.22, -16.90, -19.76, 0.000, 0.000, 0.000, 20:49:05.489, 1541900945489
148, -17.77, -26.60, -26.20, -20.92, -28.34, -26.20, -16.96, -19.92, 0.000, 0.000, 0.000, 20:49:05.489, 1541900945489
149, -17.90, -26.69, -26.17, -20.99, -28.21, -26.38, -16.92, -20.05, 0.000, 0.000, 0.000, 20:49:05.489, 1541900945489
150, -18.08, -26.69, -26.13, -21.06, -28.52, -26.40, -16.90, -19.85, 0.000, 0.000, 0.000, 20:49:05.489, 1541900945489
151, -18.02, -26.55, -26.11, -20.85, -28.41, -26.26, -16.74, -19.76, 0.000, 0.000, 0.000, 20:49:05.489, 1541900945489
152, -17.93, -26.58, -26.13, -20.59, -28.34, -26.11, -16.92, -19.76, 0.000, 0.000, 0.000, 20:49:05.489, 1541900945489
153, -18.08, -26.64, -26.06, -20.70, -28.41, -26.15, -16.90, -19.87, 0.074, 1.008, 0.016, 20:49:05.489, 1541900945489
154, -18.13, -26.64, -26.06, -20.88, -28.34, -26.17, -16.92, -19.92, 0.000, 0.000, 0.000, 20:49:05.489, 1541900945489
155, -18.08, -26.58, -26.06, -21.06, -28.21, -25.79, -16.88, -19.80, 0.000, 0.000, 0.000, 20:49:05.490, 1541900945490
156, -17.93, -26.76, -26.13, -21.06, -28.30, -25.88, -16.70, -19.60, 0.000, 0.000, 0.000, 20:49:05.490, 1541900945490
157, -17.79, -26.64, -26.13, -20.81, -28.50, -26.13, -16.92, -19.94, 0.000, 0.000, 0.000, 20:49:05.490, 1541900945490
158, -18.02, -26.69, -26.11, -20.70, -28.41, -25.91, -16.90, -20.18, 0.000, 0.000, 0.000, 20:49:05.490, 1541900945490
159, -18.13, -26.82, -26.13, -20.85, -28.39, -26.02, -16.90, -19.89, 0.000, 0.000, 0.000, 20:49:05.490, 1541900945490
160, -18.10, -26.76, -26.13, -20.83, -28.48, -26.17, -16.72, -19.76, 0.000, 0.000, 0.000, 20:49:05.491, 1541900945491
161, -18.02, -26.73, -26.13, -20.76, -28.48, -26.15, -16.63, -19.71, 0.000, 0.000, 0.000, 20:49:05.491, 1541900945491
162, -17.70, -26.89, -26.13, -20.88, -28.52, -26.15, -16.94, -19.87, 0.000, 0.000, 0.000, 20:49:05.491, 1541900945491
163, -17.81, -26.76, -26.08, -21.03, -28.43, -26.13, -16.92, -20.09, 0.066, 1.016, 0.020, 20:49:05.491, 1541900945491
164, -17.99, -27.05, -26.08, -20.92, -28.36, -26.29, -16.90, -20.03, 0.000, 0.000, 0.000, 20:49:05.491, 1541900945491
165, -17.95, -26.80, -26.08, -20.88, -28.61, -26.17, -16.74, -19.71, 0.000, 0.000, 0.000, 20:49:05.491, 1541900945491
166, -18.04, -26.76, -26.06, -20.88, -28.41, -26.17, -16.70, -19.69, 0.000, 0.000, 0.000, 20:49:05.491, 1541900945491
167, -18.24, -26.73, -26.08, -20.94, -28.25, -26.04, -16.76, -19.76, 0.000, 0.000, 0.000, 20:49:05.491, 1541900945491
168, -17.99, -26.73, -26.13, -20.85, -28.25, -25.82, -16.63, -19.76, 0.000, 0.000, 0.000, 20:49:05.491, 1541900945491
169, -17.97, -26.82, -26.17, -20.79, -28.50, -25.91, -16.81, -19.69, 0.000, 0.000, 0.000, 20:49:05.491, 1541900945491
170, -18.04, -26.76, -26.11, -20.83, -28.34, -26.17, -16.96, -19.80, 0.000, 0.000, 0.000, 20:49:05.491, 1541900945491
171, -18.08, -26.91, -26.13, -20.85, -28.03, -26.20, -17.01, -19.69, 0.000, 0.000, 0.000, 20:49:05.491, 1541900945491
172, -17.75, -26.84, -26.13, -20.81, -28.14, -26.17, -16.85, -19.69, 0.000, 0.000, 0.000, 20:49:05.492, 1541900945492
173, -17.72, -26.87, -26.08, -20.94, -28.14, -26.06, -16.81, -19.78, 0.068, 1.012, 0.024, 20:49:05.492, 1541900945492
174, -18.10, -26.76, -26.15, -20.83, -28.30, -25.86, -16.67, -19.83, 0.000, 0.000, 0.000, 20:49:05.492, 1541900945492
175, -18.02, -26.87, -26.06, -21.01, -28.30, -26.06, -17.01, -19.92, 0.000, 0.000, 0.000, 20:49:05.492, 1541900945492
176, -17.93, -26.73, -26.11, -20.90, -28.30, -26.24, -16.85, -19.71, 0.000, 0.000, 0.000, 20:49:05.492, 1541900945492
177, -17.70, -26.80, -26.08, -20.92, -28.30, -25.97, -16.70, -19.76, 0.000, 0.000, 0.000, 20:49:05.492, 1541900945492
178, -17.95, -26.93, -26.08, -20.88, -28.21, -26.04, -16.92, -19.98, 0.000, 0.000, 0.000, 20:49:05.492, 1541900945492
179, -18.17, -26.93, -26.13, -20.61, -28.23, -26.11, -17.05, -19.62, 0.000, 0.000, 0.000, 20:49:05.492, 1541900945492
180, -18.17, -26.96, -26.20, -20.61, -28.32, -26.13, -16.72, -19.89, 0.000, 0.000, 0.000, 20:49:05.492, 1541900945492
181, -18.04, -26.62, -26.22, -20.88, -28.25, -26.02, -16.79, -19.80, 0.000, 0.000, 0.000, 20:49:05.492, 1541900945492
182, -17.70, -26.64, -26.13, -20.85, -28.41, -25.88, -16.92, -19.87, 0.000, 0.000, 0.000, 20:49:05.492, 1541900945492
183, -17.88, -26.62, -26.11, -20.81, -28.52, -26.08, -17.08, -19.76, 0.054, 1.000, 0.014, 20:49:05.492, 1541900945492
184, -18.02, -26.69, -26.04, -20.99, -28.48, -26.06, -16.96, -19.94, 0.000, 0.000, 0.000, 20:49:05.493, 1541900945493
185, -18.24, -26.84, -26.08, -21.03, -28.52, -25.86, -16.67, -19.80, 0.000, 0.000, 0.000, 20:49:05.493, 1541900945493
186, -18.06, -26.62, -26.15, -20.94, -28.19, -26.26, -16.92, -19.38, 0.000, 0.000, 0.000, 20:49:05.493, 1541900945493
187, -18.10, -26.82, -26.08, -21.03, -28.03, -26.06, -17.19, -19.65, 0.000, 0.000, 0.000, 20:49:05.493, 1541900945493
188, -17.95, -26.76, -26.06, -20.92, -28.19, -26.20, -17.01, -19.76, 0.000, 0.000, 0.000, 20:49:05.493, 1541900945493
189, -17.97, -26.96, -26.11, -20.72, -28.25, -25.91, -16.96, -19.83, 0.000, 0.000, 0.000, 20:49:05.493, 1541900945493
190, -18.06, -26.82, -26.08, -20.76, -28.23, -25.75, -16.85, -19.92, 0.000, 0.000, 0.000, 20:49:05.494, 1541900945494
191, -17.97, -26.82, -26.11, -20.94, -28.30, -26.17, -16.85, -19.80, 0.000, 0.000, 0.000, 20:49:05.494, 1541900945494
192, -18.13, -26.84, -26.17, -20.76, -28.32, -26.17, -16.90, -19.92, 0.000, 0.000, 0.000, 20:49:05.494, 1541900945494
193, -17.97, -26.69, -26.06, -20.70, -28.23, -26.06, -16.96, -19.92, 0.044, 1.008, 0.022, 20:49:05.494, 1541900945494
194, -17.86, -26.53, -26.06, -20.83, -28.52, -25.95, -16.96, -20.05, 0.000, 0.000, 0.000, 20:49:05.494, 1541900945494
195, -18.15, -26.40, -26.13, -20.83, -28.32, -25.97, -17.23, -19.78, 0.000, 0.000, 0.000, 20:49:05.494, 1541900945494
196, -18.13, -26.64, -26.20, -20.83, -28.25, -26.17, -16.92, -19.94, 0.000, 0.000, 0.000, 20:49:05.494, 1541900945494
197, -17.95, -27.07, -26.17, -20.83, -28.43, -26.35, -16.85, -19.76, 0.000, 0.000, 0.000, 20:49:05.494, 1541900945494
198, -17.86, -27.11, -26.13, -20.70, -28.30, -25.97, -17.03, -19.65, 0.000, 0.000, 0.000, 20:49:05.494, 1541900945494
199, -17.86, -26.69, -26.13, -21.14, -28.36, -25.93, -16.99, -19.71, 0.000, 0.000, 0.000, 20:49:05.494, 1541900945494
200, -18.02, -26.51, -26.08, -21.10, -28.41, -26.06, -16.67, -19.85, 0.000, 0.000, 0.000, 20:49:05.494, 1541900945494
201, -18.13, -26.67, -26.08, -21.03, -28.19, -25.97, -16.67, -19.96, 0.000, 0.000, 0.000, 20:49:05.494, 1541900945494
202, -18.26, -26.46, -26.11, -20.81, -28.19, -25.95, -17.01, -19.80, 0.038, 1.002, 0.018, 20:49:05.494, 1541900945494
203, -17.90, -26.64, -26.15, -20.83, -28.32, -25.82, -16.79, -19.60, 0.000, 0.000, 0.000, 20:49:05.495, 1541900945495
204, -18.04, -26.64, -26.13, -20.79, -28.43, -26.26, -16.81, -19.69, 0.000, 0.000, 0.000, 20:49:05.495, 1541900945495
205, -17.93, -26.58, -26.08, -20.92, -28.23, -26.17, -16.79, -19.80, 0.000, 0.000, 0.000, 20:49:05.495, 1541900945495
206, -17.77, -26.82, -26.11, -20.88, -28.10, -26.08, -16.83, -19.80, 0.000, 0.000, 0.000, 20:49:05.495, 1541900945495
207, -17.90, -26.76, -26.20, -21.10, -28.14, -26.17, -16.74, -20.09, 0.000, 0.000, 0.000, 20:49:05.495, 1541900945495
208, -18.13, -26.80, -26.13, -21.14, -28.32, -25.88, -17.03, -19.87, 0.000, 0.000, 0.000, 20:49:05.495, 1541900945495
209, -18.22, -26.58, -26.15, -21.08, -28.19, -26.13, -17.14, -19.87, 0.000, 0.000, 0.000, 20:49:05.495, 1541900945495
210, -18.31, -26.40, -26.20, -20.81, -28.23, -26.11, -16.94, -19.87, 0.000, 0.000, 0.000, 20:49:05.495, 1541900945495
211, -18.13, -26.64, -26.15, -20.59, -28.05, -26.02, -17.10, -19.89, 0.000, 0.000, 0.000, 20:49:05.495, 1541900945495
212, -18.13, -26.73, -26.06, -20.59, -28.36, -25.75, -16.85, -19.83, 0.046, 1.000, 0.018, 20:49:05.495, 1541900945495
213, -17.93, -26.62, -26.02, -20.81, -28.41, -26.11, -16.81, -19.76, 0.000, 0.000, 0.000, 20:49:05.495, 1541900945495
214, -17.93, -26.53, -26.02, -20.85, -28.43, -25.88, -17.12, -19.76, 0.000, 0.000, 0.000, 20:49:05.495, 1541900945495
215, -17.86, -26.67, -26.15, -20.76, -28.63, -25.97, -17.08, -19.94, 0.000, 0.000, 0.000, 20:49:05.495, 1541900945495
216, -18.13, -26.87, -26.20, -20.83, -28.32, -25.93, -16.70, -19.92, 0.000, 0.000, 0.000, 20:49:05.495, 1541900945495
217, -18.15, -26.49, -26.11, -21.03, -28.23, -26.06, -16.85, -19.87, 0.000, 0.000, 0.000, 20:49:05.496, 1541900945496
218, -17.86, -26.42, -26.08, -21.06, -28.19, -26.08, -16.81, -19.87, 0.000, 0.000, 0.000, 20:49:05.496, 1541900945496
219, -17.59, -26.60, -26.08, -21.01, -28.25, -26.00, -16.81, -19.83, 0.000, 0.000, 0.000, 20:49:05.496, 1541900945496
220, -17.77, -26.76, -26.11, -20.72, -28.19, -26.04, -17.01, -19.87, 0.000, 0.000, 0.000, 20:49:05.496, 1541900945496
221, -17.90, -26.58, -26.17, -21.03, -28.32, -26.02, -17.01, -19.65, 0.000, 0.000, 0.000, 20:49:05.496, 1541900945496
222, -17.99, -26.71, -26.17, -21.03, -28.41, -25.91, -17.01, -19.98, 0.046, 1.002, 0.022, 20:49:05.496, 1541900945496
223, -17.77, -26.91, -26.17, -20.83, -28.21, -25.95, -16.96, -19.89, 0.000, 0.000, 0.000, 20:49:05.496, 1541900945496
224, -17.90, -26.73, -26.13, -20.88, -28.23, -26.13, -17.03, -19.69, 0.000, 0.000, 0.000, 20:49:05.496, 1541900945496
225, -17.90, -26.80, -26.13, -20.85, -28.16, -25.97, -17.08, -19.85, 0.000, 0.000, 0.000, 20:49:05.496, 1541900945496
226, -17.79, -26.64, -26.20, -20.72, -28.45, -26.13, -16.92, -19.71, 0.000, 0.000, 0.000, 20:49:05.496, 1541900945496
227, -17.66, -26.91, -26.17, -20.83, -28.32, -26.17, -17.01, -19.71, 0.000, 0.000, 0.000, 20:49:05.496, 1541900945496
228, -17.84, -26.73, -26.00, -20.94, -28.34, -26.08, -16.90, -19.92, 0.000, 0.000, 0.000, 20:49:05.496, 1541900945496
229, -17.75, -26.69, -26.06, -20.92, -28.16, -26.33, -16.92, -19.80, 0.000, 0.000, 0.000, 20:49:05.496, 1541900945496
230, -17.97, -26.73, -26.17, -20.59, -28.14, -26.24, -16.99, -19.76, 0.000, 0.000, 0.000, 20:49:05.497, 1541900945497
231, -17.95, -26.80, -26.13, -20.61, -28.19, -26.24, -17.01, -19.94, 0.000, 0.000, 0.000, 20:49:05.497, 1541900945497
232, -17.79, -26.73, -26.13, -20.97, -28.43, -26.26, -16.90, -19.87, 0.044, 1.002, 0.022, 20:49:05.497, 1541900945497
233, -17.86, -26.82, -26.17, -21.17, -28.39, -26.29, -16.94, -19.65, 0.000, 0.000, 0.000, 20:49:05.497, 1541900945497
234, -18.13, -26.73, -26.17, -20.74, -28.19, -26.22, -17.03, -19.85, 0.000, 0.000, 0.000, 20:49:05.497, 1541900945497
235, -18.08, -26.69, -26.20, -20.83, -28.32, -26.26, -16.85, -19.80, 0.000, 0.000, 0.000, 20:49:05.497, 1541900945497
236, -18.15, -26.62, -26.13, -21.26, -28.25, -26.02, -16.70, -19.74, 0.000, 0.000, 0.000, 20:49:05.497, 1541900945497
237, -18.02, -26.76, -26.11, -21.14, -28.10, -25.84, -17.03, -19.89, 0.000, 0.000, 0.000, 20:49:05.497, 1541900945497
238, -18.06, -26.64, -26.13, -21.06, -28.25, -25.91, -16.90, -20.03, 0.000, 0.000, 0.000, 20:49:05.497, 1541900945497
239, -17.97, -26.80, -26.11, -20.94, -28.21, -26.02, -17.08, -19.80, 0.000, 0.000, 0.000, 20:49:05.497, 1541900945497
240, -18.04, -26.84, -26.13, -20.97, -28.03, -25.97, -17.14, -19.94, 0.000, 0.000, 0.000, 20:49:05.949, 1541900945949
241, -18.17, -26.91, -26.04, -21.03, -28.03, -25.95, -17.08, -19.92, 0.000, 0.000, 0.000, 20:49:05.949, 1541900945949
242, -18.31, -26.67, -26.17, -20.92, -28.03, -26.13, -17.01, -19.83, 0.042, 0.994, 0.018, 20:49:05.949, 1541900945949
243, -18.08, -26.84, -26.20, -20.72, -28.10, -26.15, -16.85, -19.69, 0.000, 0.000, 0.000, 20:49:05.949, 1541900945949
244, -17.99, -26.69, -26.06, -20.94, -28.16, -26.08, -16.83, -19.80, 0.000, 0.000, 0.000, 20:49:05.950, 1541900945950
245, -18.06, -26.60, -26.02, -21.06, -28.41, -26.08, -16.85, -19.80, 0.000, 0.000, 0.000, 20:49:05.950, 1541900945950
246, -18.02, -26.58, -26.06, -21.01, -28.25, -26.08, -16.96, -20.00, 0.000, 0.000, 0.000, 20:49:05.950, 1541900945950
247, -18.02, -26.58, -26.08, -20.88, -28.01, -25.97, -17.01, -20.09, 0.000, 0.000, 0.000, 20:49:05.950, 1541900945950
248, -18.04, -26.80, -26.13, -20.94, -28.32, -26.15, -16.99, -19.92, 0.000, 0.000, 0.000, 20:49:05.950, 1541900945950
249, -17.93, -26.53, -26.11, -21.03, -28.52, -26.00, -17.19, -19.76, 0.000, 0.000, 0.000, 20:49:05.950, 1541900945950
250, -18.10, -26.64, -26.15, -20.81, -28.30, -25.86, -17.10, -19.87, 0.000, 0.000, 0.000, 20:49:05.950, 1541900945950
251, -17.99, -26.64, -26.20, -20.88, -28.32, -26.13, -16.90, -19.78, 0.032, 1.002, 0.018, 20:49:05.950, 1541900945950
252, -17.93, -26.64, -26.17, -20.81, -28.21, -26.08, -17.03, -19.78, 0.000, 0.000, 0.000, 20:49:05.950, 1541900945950
253, -18.08, -26.73, -26.13, -20.81, -28.36, -26.02, -16.81, -19.74, 0.000, 0.000, 0.000, 20:49:05.950, 1541900945950
254, -17.88, -26.89, -26.06, -20.79, -28.43, -25.91, -16.65, -19.89, 0.000, 0.000, 0.000, 20:49:05.950, 1541900945950
255, -17.97, -26.87, -26.08, -20.90, -28.10, -26.04, -16.79, -19.76, 0.000, 0.000, 0.000, 20:49:05.950, 1541900945950
0, -18.02, -27.07, -26.08, -20.92, -28.50, -26.13, -16.83, -19.76, 0.000, 0.000, 0.000, 20:49:05.950, 1541900945950
1, -18.08, -26.91, -26.08, -20.72, -28.74, -26.13, -16.85, -19.80, 0.000, 0.000, 0.000, 20:49:05.950, 1541900945950
2, -18.19, -26.67, -26.15, -20.79, -28.41, -26.11, -16.94, -19.80, 0.000, 0.000, 0.000, 20:49:05.950, 1541900945950
3, -18.24, -26.64, -26.17, -20.76, -28.43, -26.22, -17.01, -19.87, 0.000, 0.000, 0.000, 20:49:05.951, 1541900945951
4, -18.10, -26.62, -26.11, -20.68, -28.25, -26.02, -17.01, -19.98, 0.000, 0.000, 0.000, 20:49:05.951, 1541900945951
5, -18.08, -26.62, -26.06, -20.54, -28.05, -26.11, -16.74, -20.05, 0.024, 1.004, 0.028, 20:49:05.951, 1541900945951
6, -17.86, -26.84, -26.11, -20.65, -28.32, -26.22, -17.05, -19.92, 0.000, 0.000, 0.000, 20:49:05.951, 1541900945951
7, -17.61, -26.84, -26.11, -20.88, -28.57, -26.24, -17.01, -19.83, 0.000, 0.000, 0.000, 20:49:05.951, 1541900945951
8, -17.99, -26.67, -26.06, -20.76, -28.48, -26.08, -16.81, -19.83, 0.000, 0.000, 0.000, 20:49:05.953, 1541900945953
9, -18.04, -26.80, -26.15, -20.88, -28.41, -25.95, -16.63, -20.05, 0.000, 0.000, 0.000, 20:49:05.953, 1541900945953
10, -18.02, -26.58, -26.20, -21.19, -28.43, -25.91, -17.01, -19.96, 0.000, 0.000, 0.000, 20:49:05.953, 1541900945953
11, -17.88, -26.80, -26.17, -21.17, -28.30, -25.97, -16.76, -19.85, 0.000, 0.000, 0.000, 20:49:05.953, 1541900945953
12, -17.75, -26.91, -26.13, -20.88, -28.32, -25.97, -16.81, -19.94, 0.000, 0.000, 0.000, 20:49:05.953, 1541900945953
13, -17.68, -26.69, -26.06, -20.70, -28.34, -25.95, -16.99, -19.74, 0.000, 0.000, 0.000, 20:49:05.953, 1541900945953
14, -17.95, -26.80, -26.15, -20.90, -28.30, -26.13, -16.85, -19.65, 0.000, 0.000, 0.000, 20:49:05.953, 1541900945953
15, -18.04, -26.67, -26.20, -20.72, -28.25, -26.02, -16.92, -20.05, 0.030, 0.998, 0.014, 20:49:05.954, 1541900945954
16, -18.08, -26.84, -26.13, -21.03, -28.36, -25.84, -16.99, -20.03, 0.000, 0.000, 0.000, 20:49:05.954, 1541900945954
17, -17.86, -26.84, -26.13, -20.88, -28.41, -25.73, -16.81, -20.12, 0.000, 0.000, 0.000, 20:49:05.954, 1541900945954
18, -17.93, -26.80, -26.08, -20.72, -28.52, -26.02, -16.67, -19.78, 0.000, 0.000, 0.000, 20:49:05.954, 1541900945954
19, -17.79, -26.89, -26.13, -20.92, -28.30, -26.20, -16.83, -19.76, 0.000, 0.000, 0.000, 20:49:05.954, 1541900945954
20, -17.70, -26.82, -26.08, -20.83, -28.32, -26.38, -16.96, -19.60, 0.000, 0.000, 0.000, 20:49:05.954, 1541900945954
21, -17.75, -26.62, -26.17, -20.83, -28.36, -26.33, -16.90, -19.80, 0.000, 0.000, 0.000, 20:49:05.954, 1541900945954
22, -17.90, -26.62, -26.08, -20.70, -28.25, -26.33, -16.88, -19.74, 0.000, 0.000, 0.000, 20:49:05.954, 1541900945954
23, -17.95, -26.98, -26.08, -20.81, -28.36, -26.42, -16.92, -19.92, 0.000, 0.000, 0.000, 20:49:05.954, 1541900945954
24, -17.90, -26.96, -26.08, -20.85, -28.36, -26.17, -17.14, -19.89, 0.000, 0.000, 0.000, 20:49:05.954, 1541900945954
25, -18.02, -26.84, -26.08, -20.79, -28.36, -26.26, -17.01, -19.71, 0.044, 0.998, 0.022, 20:49:05.954, 1541900945954
26, -17.95, -26.73, -26.11, -20.92, -28.30, -26.29, -16.88, -19.54, 0.000, 0.000, 0.000, 20:49:05.954, 1541900945954
27, -17.99, -26.84, -26.13, -20.81, -28.36, -25.95, -16.81, -19.76, 0.000, 0.000, 0.000, 20:49:05.954, 1541900945954
28, -18.06, -26.82, -26.06, -20.88, -28.48, -26.17, -16.85, -20.05, 0.000, 0.000, 0.000, 20:49:05.955, 1541900945955
29, -17.97, -26.73, -26.08, -20.94, -28.32, -26.13, -17.19, -19.85, 0.000, 0.000, 0.000, 20:49:05.955, 1541900945955
30, -17.77, -26.87, -26.13, -20.88, -28.25, -26.35, -17.14, -20.05, 0.000, 0.000, 0.000, 20:49:05.955, 1541900945955
31, -17.75, -26.69, -26.08, -20.81, -28.34, -26.40, -16.92, -19.94, 0.000, 0.000, 0.000, 20:49:05.955, 1541900945955
32, -18.04, -26.71, -26.08, -20.70, -28.32, -26.20, -17.17, -19.80, 0.000, 0.000, 0.000, 20:49:05.955, 1541900945955
33, -18.04, -26.87, -26.08, -20.88, -28.41, -25.86, -16.96, -19.83, 0.000, 0.000, 0.000, 20:49:05.955, 1541900945955
34, -18.04, -26.87, -26.13, -20.81, -28.36, -26.11, -16.70, -19.60, 0.000, 0.000, 0.000, 20:49:05.955, 1541900945955
35, -18.06, -26.89, -26.08, -20.97, -28.25, -26.15, -16.85, -19.87, 0.038, 0.994, 0.024, 20:49:05.955, 1541900945955
36, -18.13, -26.80, -26.11, -20.92, -28.10, -26.06, -16.94, -19.87, 0.000, 0.000, 0.000, 20:49:05.955, 1541900945955
37, -18.04, -26.69, -26.17, -20.83, -28.14, -26.02, -16.96, -19.87, 0.000, 0.000, 0.000, 20:49:05.955, 1541900945955
38, -17.93, -26.87, -26.17, -20.81, -28.21, -26.17, -17.08, -19.92, 0.000, 0.000, 0.000, 20:49:05.955, 1541900945955
39, -17.77, -26.96, -26.08, -20.81, -27.94, -26.17, -16.70, -19.85, 0.000, 0.000, 0.000, 20:49:05.955, 1541900945955
40, -17.81, -26.96, -26.08, -20.79, -28.12, -26.20, -16.74, -19.71, 0.000, 0.000, 0.000, 20:49:05.955, 1541900945955
41, -18.08, -26.80, -26.13, -20.83, -28.30, -26.06, -16.92, -19.76, 0.000, 0.000, 0.000, 20:49:05.956, 1541900945956
42, -18.02, -26.58, -26.13, -20.94, -28.30, -26.40, -16.99, -19.76, 0.000, 0.000, 0.000, 20:49:05.956, 1541900945956
43, -17.81, -26.64, -26.08, -20.81, -28.25, -26.00, -16.90, -19.94, 0.000, 0.000, 0.000, 20:49:05.956, 1541900945956
44, -17.95, -26.67, -26.02, -20.81, -28.21, -25.88, -17.01, -19.87, 0.030, 0.986, 0.026, 20:49:05.956, 1541900945956
45, -18.08, -26.60, -26.04, -20.90, -28.32, -25.97, -16.90, -19.92, 0.000, 0.000, 0.000, 20:49:05.956, 1541900945956
46, -17.95, -26.44, -26.15, -21.10, -28.27, -25.97, -16.85, -19.92, 0.000, 0.000, 0.000, 20:49:05.956, 1541900945956
47, -17.90, -26.76, -26.15, -20.83, -28.21, -25.97, -16.79, -19.87, 0.000, 0.000, 0.000, 20:49:05.956, 1541900945956
48, -18.04, -26.76, -26.11, -20.70, -28.19, -26.08, -16.90, -19.83, 0.000, 0.000, 0.000, 20:49:05.956, 1541900945956
49, -18.06, -26.53, -26.06, -20.88, -28.21, -26.04, -17.10, -19.54, 0.000, 0.000, 0.000, 20:49:05.956, 1541900945956
50, -17.99, -26.71, -26.11, -20.81, -28.25, -26.04, -16.92, -19.78, 0.000, 0.000, 0.000, 20:49:05.956, 1541900945956
51, -18.04, -26.78, -26.13, -20.88, -28.07, -26.06, -16.83, -19.87, 0.000, 0.000, 0.000, 20:49:05.956, 1541900945956
52, -17.79, -26.80, -26.11, -21.08, -28.19, -26.31, -16.81, -19.80, 0.000, 0.000, 0.000, 20:49:05.956, 1541900945956
53, -17.90, -26.69, -26.15, -20.92, -28.52, -26.38, -16.85, -19.80, 0.000, 0.000, 0.000, 20:49:05.957, 1541900945957
54, -18.15, -26.78, -26.17, -20.70, -28.12, -26.20, -16.74, -19.83, 0.034, 1.010, 0.036, 20:49:05.957, 1541900945957
55, -17.97, -26.58, -26.15, -20.70, -28.30, -25.86, -16.65, -19.83, 0.000, 0.000, 0.000, 20:49:05.957, 1541900945957
56, -17.93, -26.38, -26.13, -20.92, -28.19, -26.13, -16.81, -19.78, 0.000, 0.000, 0.000, 20:49:05.957, 1541900945957
57, -18.02, -26.64, -26.13, -20.83, -28.25, -25.97, -16.83, -19.71, 0.000, 0.000, 0.000, 20:49:05.957, 1541900945957
58, -18.31, -26.55, -26.13, -20.79, -28.14, -26.13, -16.83, -19.80, 0.000, 0.000, 0.000, 20:49:05.957, 1541900945957
59, -18.26, -26.64, -26.13, -20.90, -28.32, -26.22, -16.79, -19.69, 0.000, 0.000, 0.000, 20:49:05.957, 1541900945957
60, -17.77, -26.84, -26.08, -20.72, -28.45, -26.15, -16.81, -19.65, 0.000, 0.000, 0.000, 20:49:05.957, 1541900945957
61, -17.86, -26.62, -26.13, -20.92, -28.54, -25.91, -16.92, -19.74, 0.000, 0.000, 0.000, 20:49:05.957, 1541900945957
62, -18.04, -26.67, -26.13, -20.92, -28.36, -26.00, -16.88, -19.51, 0.000, 0.000, 0.000, 20:49:05.957, 1541900945957
63, -18.02, -26.73, -26.13, -20.68, -28.12, -25.97, -16.79, -19.38, 0.000, 0.000, 0.000, 20:49:05.957, 1541900945957
64, -18.13, -26.76, -26.13, -20.70, -28.30, -26.11, -16.79, -19.78, 0.038, 1.016, 0.044, 20:49:05.958, 1541900945958
65, -18.10, -26.78, -26.17, -20.92, -28.39, -26.02, -16.81, -20.05, 0.000, 0.000, 0.000, 20:49:05.958, 1541900945958
66, -17.86, -26.87, -26.06, -20.72, -28.25, -26.04, -16.81, -19.87, 0.000, 0.000, 0.000, 20:49:05.958, 1541900945958
67, -17.97, -26.91, -26.08, -20.88, -28.41, -26.06, -17.12, -19.83, 0.000, 0.000, 0.000, 20:49:05.958, 1541900945958
68, -18.15, -26.80, -26.20, -20.88, -28.48, -26.06, -17.12, -19.94, 0.000, 0.000, 0.000, 20:49:05.958, 1541900945958
69, -17.81, -26.64, -26.17, -20.65, -28.54, -26.04, -17.03, -19.94, 0.000, 0.000, 0.000, 20:49:05.958, 1541900945958
70, -17.72, -26.58, -26.15, -20.74, -28.50, -26.15, -16.96, -19.98, 0.000, 0.000, 0.000, 20:49:05.958, 1541900945958
71, -18.02, -26.87, -26.17, -20.65, -28.43, -26.29, -17.12, -19.92, 0.000, 0.000, 0.000, 20:49:05.958, 1541900945958
72, -17.84, -26.80, -26.15, -20.88, -28.25, -26.24, -16.90, -19.94, 0.000, 0.000, 0.000, 20:49:05.958, 1541900945958
73, -17.90, -26.76, -26.13, -21.12, -28.39, -26.29, -16.76, -19.78, 0.000, 0.000, 0.000, 20:49:05.958, 1541900945958
74, -18.08, -26.89, -26.06, -21.17, -28.57, -26.17, -16.92, -19.60, 0.034, 1.012, 0.036, 20:49:05.958, 1541900945958
75, -17.97, -26.69, -26.13, -20.92, -28.48, -26.20, -16.96, -19.83, 0.000, 0.000, 0.000, 20:49:05.958, 1541900945958
76, -17.86, -26.69, -26.08, -20.88, -28.23, -26.02, -16.70, -19.80, 0.000, 0.000, 0.000, 20:49:05.959, 1541900945959
77, -17.81, -26.69, -26.15, -20.99, -28.03, -25.97, -16.85, -19.83, 0.000, 0.000, 0.000, 20:49:05.959, 1541900945959
78, -18.13, -26.71, -26.08, -21.03, -28.07, -26.04, -16.74, -19.92, 0.000, 0.000, 0.000, 20:49:05.959, 1541900945959
79, -18.19, -26.84, -26.13, -20.99, -28.12, -26.22, -16.85, -19.78, 0.000, 0.000, 0.000, 20:49:05.959, 1541900945959
80, -17.90, -26.93, -26.06, -20.74, -28.12, -26.24, -16.79, -19.89, 0.000, 0.000, 0.000, 20:49:05.959, 1541900945959
81, -17.86, -26.73, -26.04, -20.79, -28.34, -26.13, -16.63, -19.71, 0.000, 0.000, 0.000, 20:49:05.959, 1541900945959
82, -18.24, -26.87, -26.06, -20.72, -28.32, -25.97, -16.63, -19.76, 0.000, 0.000, 0.000, 20:49:05.959, 1541900945959
83, -17.93, -26.62, -26.08, -20.70, -28.36, -26.22, -16.90, -19.83, 0.040, 1.006, 0.030, 20:49:05.959, 1541900945959
84, -17.93, -26.87, -26.17, -20.74, -28.34, -26.24, -16.99, -19.85, 0.000, 0.000, 0.000, 20:49:05.959, 1541900945959
85, -18.19, -26.71, -26.13, -21.14, -28.52, -26.29, -17.03, -19.80, 0.000, 0.000, 0.000, 20:49:05.959, 1541900945959
86, -17.90, -26.76, -26.13, -20.92, -28.43, -26.11, -16.96, -19.78, 0.000, 0.000, 0.000, 20:49:05.959, 1541900945959
87, -17.90, -26.73, -26.15, -20.83, -28.34, -25.82, -16.99, -19.80, 0.000, 0.000, 0.000, 20:49:05.959, 1541900945959
88, -17.93, -26.76, -26.13, -20.83, -28.30, -26.22, -16.81, -19.83, 0.000, 0.000, 0.000, 20:49:05.960, 1541900945960
89, -18.08, -26.64, -26.13, -20.76, -28.21, -26.22, -17.01, -19.94, 0.000, 0.000, 0.000, 20:49:05.960, 1541900945960
90, -18.24, -26.51, -26.17, -20.83, -28.32, -26.29, -16.79, -19.74, 0.000, 0.000, 0.000, 20:49:05.960, 1541900945960
91, -18.35, -26.80, -26.17, -20.83, -28.45, -26.26, -16.74, -19.65, 0.000, 0.000, 0.000, 20:49:05.960, 1541900945960
92, -18.06, -26.76, -26.13, -20.90, -28.41, -26.26, -16.65, -19.89, 0.000, 0.000, 0.000, 20:49:05.960, 1541900945960
93, -17.79, -26.84, -26.13, -20.94, -28.32, -25.95, -16.79, -19.92, 0.036, 1.006, 0.028, 20:49:05.960, 1541900945960
94, -17.99, -27.02, -26.08, -20.92, -28.41, -26.11, -16.99, -19.94, 0.000, 0.000, 0.000, 20:49:05.960, 1541900945960
95, -17.97, -26.89, -26.13, -20.72, -28.36, -26.29, -17.01, -19.87, 0.000, 0.000, 0.000, 20:49:05.960, 1541900945960
96, -18.15, -26.84, -26.20, -20.72, -28.23, -26.35, -16.85, -19.87, 0.000, 0.000, 0.000, 20:49:05.960, 1541900945960
97, -17.93, -26.98, -26.17, -20.94, -28.30, -26.42, -16.90, -19.92, 0.000, 0.000, 0.000, 20:49:05.961, 1541900945961
98, -18.13, -26.80, -26.08, -20.94, -28.48, -26.26, -16.90, -19.87, 0.000, 0.000, 0.000, 20:49:05.961, 1541900945961
99, -18.24, -26.71, -26.13, -20.76, -28.45, -26.08, -16.74, -19.80, 0.000, 0.000, 0.000, 20:49:05.961, 1541900945961
100, -18.08, -26.51, -26.11, -20.88, -28.25, -25.86, -16.74, -19.92, 0.000, 0.000, 0.000, 20:49:05.961, 1541900945961
101, -17.93, -26.53, -26.08, -20.97, -28.34, -26.02, -16.74, -19.83, 0.000, 0.000, 0.000, 20:49:05.961, 1541900945961
102, -17.90, -26.78, -26.15, -20.88, -28.45, -26.20, -16.79, -19.78, 0.000, 0.000, 0.000, 20:49:05.961, 1541900945961
103, -17.81, -26.76, -26.13, -21.03, -28.43, -26.06, -16.92, -20.03, 0.032, 1.004, 0.024, 20:49:05.961, 1541900945961
104, -17.59, -26.78, -26.17, -20.81, -28.25, -26.08, -16.92, -19.80, 0.000, 0.000, 0.000, 20:49:06.428, 1541900946428
105, -17.75, -26.87, -26.11, -20.70, -28.14, -26.20, -17.05, -19.60, 0.000, 0.000, 0.000, 20:49:06.428, 1541900946428
106, -18.08, -26.82, -26.15, -20.83, -28.10, -26.35, -17.12, -19.67, 0.000, 0.000, 0.000, 20:49:06.428, 1541900946428
107, -18.13, -26.78, -26.15, -21.03, -28.34, -26.13, -16.96, -19.87, 0.000, 0.000, 0.000, 20:49:06.428, 1541900946428
108, -17.97, -26.80, -26.08, -21.10, -28.23, -26.31, -16.92, -19.98, 0.000, 0.000, 0.000, 20:49:06.428, 1541900946428
109, -17.90, -26.76, -26.06, -21.06, -28.30, -26.20, -17.21, -19.92, 0.000, 0.000, 0.000, 20:49:06.428, 1541900946428
110, -17.93, -26.84, -26.08, -21.01, -28.59, -26.13, -17.08, -19.76, 0.000, 0.000, 0.000, 20:49:06.428, 1541900946428
111, -18.02, -26.87, -26.15, -20.74, -28.52, -26.22, -16.88, -19.51, 0.000, 0.000, 0.000, 20:49:06.428, 1541900946428
112, -18.02, -26.71, -26.08, -20.83, -28.36, -26.04, -16.74, -19.69, 0.000, 0.000, 0.000, 20:49:06.429, 1541900946429
113, -17.79, -26.62, -26.13, -20.68, -28.19, -26.06, -16.96, -19.87, 0.022, 0.998, 0.030, 20:49:06.429, 1541900946429
114, -17.79, -26.60, -26.13, -20.68, -28.10, -26.06, -16.96, -19.62, 0.000, 0.000, 0.000, 20:49:06.429, 1541900946429
115, -18.13, -26.73, -26.08, -20.85, -28.07, -26.20, -16.85, -19.69, 0.000, 0.000, 0.000, 20:49:06.429, 1541900946429
116, -17.99, -26.84, -26.06, -20.61, -28.21, -26.13, -17.08, -19.71, 0.000, 0.000, 0.000, 20:49:06.429, 1541900946429
117, -17.88, -26.67, -26.08, -20.81, -28.19, -26.06, -17.46, -19.62, 0.000, 0.000, 0.000, 20:49:06.429, 1541900946429
118, -17.86, -26.67, -26.08, -20.81, -28.07, -25.97, -17.21, -19.87, 0.000, 0.000, 0.000, 20:49:06.429, 1541900946429
119, -17.93, -26.91, -26.17, -20.99, -28.32, -26.02, -16.83, -19.78, 0.000, 0.000, 0.000, 20:49:06.429, 1541900946429
120, -17.93, -26.71, -26.11, -20.99, -28.43, -25.95, -17.01, -19.60, 0.000, 0.000, 0.000, 20:49:06.429, 1541900946429
121, -17.97, -26.91, -26.08, -20.83, -28.30, -26.00, -17.08, -19.65, 0.000, 0.000, 0.000, 20:49:06.429, 1541900946429
122, -18.06, -27.02, -26.06, -20.81, -28.32, -25.97, -16.88, -19.89, 0.000, 0.000, 0.000, 20:49:06.430, 1541900946430
123, -18.02, -26.93, -26.04, -21.06, -28.21, -26.04, -16.70, -19.78, 0.022, 0.996, 0.030, 20:49:06.430, 1541900946430
124, -18.13, -26.60, -26.15, -20.81, -28.14, -26.08, -16.63, -19.78, 0.000, 0.000, 0.000, 20:49:06.430, 1541900946430
125, -18.13, -26.53, -26.13, -20.65, -28.43, -26.02, -16.67, -19.83, 0.000, 0.000, 0.000, 20:49:06.430, 1541900946430
126, -18.17, -26.80, -26.08, -20.92, -28.57, -26.08, -16.88, -19.96, 0.000, 0.000, 0.000, 20:49:06.430, 1541900946430
127, -18.04, -26.78, -26.17, -21.06, -28.43, -26.15, -17.14, -19.83, 0.000, 0.000, 0.000, 20:49:06.430, 1541900946430
128, -17.75, -26.76, -26.15, -20.99, -28.48, -26.20, -17.23, -19.83, 0.000, 0.000, 0.000, 20:49:06.431, 1541900946431
129, -18.08, -26.67, -26.17, -20.94, -28.43, -26.06, -17.01, -19.76, 0.000, 0.000, 0.000, 20:49:06.431, 1541900946431
130, -18.04, -26.51, -26.08, -20.70, -28.36, -25.91, -16.96, -19.62, 0.000, 0.000, 0.000, 20:49:06.431, 1541900946431
131, -17.97, -26.76, -26.08, -20.74, -28.34, -26.06, -17.03, -19.60, 0.000, 0.000, 0.000, 20:49:06.431, 1541900946431
132, -17.95, -26.67, -26.13, -20.76, -28.07, -26.29, -17.03, -19.85, 0.026, 0.994, 0.026, 20:49:06.431, 1541900946431
133, -17.93, -26.78, -26.17, -20.76, -28.07, -26.20, -16.92, -19.94, 0.000, 0.000, 0.000, 20:49:06.431, 1541900946431
134, -17.86, -26.84, -26.15, -20.83, -28.43, -26.17, -17.14, -19.85, 0.000, 0.000, 0.000, 20:49:06.431, 1541900946431
135, -17.93, -26.73, -26.20, -20.92, -28.41, -26.06, -17.01, -19.87, 0.000, 0.000, 0.000, 20:49:06.431, 1541900946431
136, -17.77, -26.78, -26.13, -20.85, -28.32, -26.08, -16.90, -20.03, 0.000, 0.000, 0.000, 20:49:06.431, 1541900946431
137, -17.77, -26.91, -26.13, -20.70, -28.10, -26.20, -16.99, -20.09, 0.000, 0.000, 0.000, 20:49:06.432, 1541900946432
138, -17.93, -26.76, -26.15, -20.68, -27.87, -26.11, -17.08, -19.83, 0.000, 0.000, 0.000, 20:49:06.435, 1541900946435
139, -18.02, -26.42, -26.06, -20.83, -28.14, -26.17, -16.96, -19.92, 0.000, 0.000, 0.000, 20:49:06.435, 1541900946435
140, -17.97, -26.58, -26.02, -21.03, -28.41, -26.24, -17.01, -20.00, 0.000, 0.000, 0.000, 20:49:06.435, 1541900946435
141, -18.06, -26.73, -26.06, -20.68, -28.48, -26.00, -16.85, -19.92, 0.000, 0.000, 0.000, 20:49:06.436, 1541900946436
142, -18.08, -26.58, -26.08, -20.61, -28.19, -26.15, -16.65, -19.92, 0.032, 1.000, 0.026, 20:49:06.436, 1541900946436
143, -17.90, -26.67, -26.08, -20.65, -28.32, -25.86, -16.83, -19.80, 0.000, 0.000, 0.000, 20:49:06.436, 1541900946436
144, -17.84, -26.91, -26.06, -20.52, -28.34, -26.00, -16.74, -19.87, 0.000, 0.000, 0.000, 20:49:06.436, 1541900946436
145, -17.90, -26.76, -26.08, -20.83, -28.39, -26.02, -16.74, -20.00, 0.000, 0.000, 0.000, 20:49:06.437, 1541900946437
146, -17.86, -26.67, -26.11, -20.81, -28.30, -25.88, -16.79, -19.78, 0.000, 0.000, 0.000, 20:49:06.437, 1541900946437
147, -18.02, -26.80, -26.11, -20.94, -28.14, -26.00, -16.92, -19.92, 0.000, 0.000, 0.000, 20:49:06.437, 1541900946437
148, -17.90, -26.91, -26.08, -20.88, -28.21, -26.11, -16.90, -19.94, 0.000, 0.000, 0.000, 20:49:06.437, 1541900946437
149, -17.81, -26.89, -26.17, -20.72, -28.32, -26.17, -17.03, -20.03, 0.000, 0.000, 0.000, 20:49:06.437, 1541900946437
150, -17.97, -26.87, -26.13, -20.83, -28.23, -26.17, -17.01, -19.87, 0.000, 0.000, 0.000, 20:49:06.437, 1541900946437
151, -17.75, -26.80, -26.11, -20.94, -28.14, -26.20, -16.99, -19.71, 0.000, 0.000, 0.000, 20:49:06.437, 1541900946437
152, -17.90, -26.84, -26.04, -20.70, -28.30, -26.13, -17.01, -19.71, 0.016, 1.006, 0.024, 20:49:06.437, 1541900946437
153, -18.19, -26.73, -26.08, -20.99, -28.34, -26.31, -17.01, -19.80, 0.000, 0.000, 0.000, 20:49:06.437, 1541900946437
154, -18.44, -26.69, -26.08, -20.81, -28.52, -26.02, -16.85, -19.83, 0.000, 0.000, 0.000, 20:49:06.437, 1541900946437
155, -18.17, -26.91, -26.08, -21.06, -28.30, -26.24, -16.92, -20.14, 0.000, 0.000, 0.000, 20:49:06.437, 1541900946437
156, -17.97, -26.84, -26.11, -21.06, -28.23, -26.06, -16.96, -20.09, 0.000, 0.000, 0.000, 20:49:06.438, 1541900946438
157, -18.02, -26.91, -26.17, -20.81, -28.30, -25.97, -16.76, -20.03, 0.000, 0.000, 0.000, 20:49:06.438, 1541900946438
158, -18.19, -26.76, -26.17, -20.72, -28.10, -26.00, -16.88, -19.69, 0.000, 0.000, 0.000, 20:49:06.438, 1541900946438
159, -18.08, -26.73, -26.20, -20.56, -28.12, -26.06, -16.96, -19.58, 0.000, 0.000, 0.000, 20:49:06.438, 1541900946438
160, -17.86, -26.76, -26.13, -20.99, -28.21, -26.13, -16.85, -19.87, 0.000, 0.000, 0.000, 20:49:06.438, 1541900946438
161, -18.02, -26.71, -26.13, -20.94, -28.27, -26.22, -16.81, -19.96, 0.000, 0.000, 0.000, 20:49:06.438, 1541900946438
162, -18.04, -26.76, -26.06, -20.94, -28.21, -26.31, -16.99, -20.03, 0.028, 0.994, 0.020, 20:49:06.438, 1541900946438
163, -18.08, -26.78, -26.08, -20.88, -28.25, -26.20, -16.92, -19.83, 0.000, 0.000, 0.000, 20:49:06.438, 1541900946438
164, -18.02, -26.76, -26.11, -20.88, -28.16, -26.17, -16.70, -19.83, 0.000, 0.000, 0.000, 20:49:06.438, 1541900946438
165, -17.97, -26.69, -26.15, -20.92, -28.07, -25.97, -16.72, -19.76, 0.000, 0.000, 0.000, 20:49:06.438, 1541900946438
166, -17.93, -26.96, -26.11, -20.68, -28.07, -26.42, -16.96, -19.76, 0.000, 0.000, 0.000, 20:49:06.439, 1541900946439
167, -18.04, -26.76, -26.11, -20.61, -28.21, -26.13, -17.01, -19.71, 0.000, 0.000, 0.000, 20:49:06.439, 1541900946439
168, -17.97, -26.96, -26.11, -20.47, -28.36, -26.24, -16.83, -19.69, 0.000, 0.000, 0.000, 20:49:06.439, 1541900946439
169, -17.77, -26.91, -26.08, -20.76, -28.36, -26.02, -16.83, -19.74, 0.000, 0.000, 0.000, 20:49:06.439, 1541900946439
170, -17.97, -26.73, -26.11, -20.85, -28.21, -26.17, -17.12, -19.76, 0.000, 0.000, 0.000, 20:49:06.439, 1541900946439
171, -17.81, -26.67, -26.13, -20.83, -28.39, -26.02, -16.79, -19.83, 0.000, 0.000, 0.000, 20:49:06.439, 1541900946439
172, -17.86, -26.46, -26.11, -20.72, -28.32, -25.79, -17.03, -19.80, -0.006, 1.008, 0.012, 20:49:06.439, 1541900946439
173, -17.90, -26.73, -26.06, -20.76, -28.39, -25.95, -16.90, -19.76, 0.000, 0.000, 0.000, 20:49:06.439, 1541900946439
174, -17.70, -26.58, -26.13, -20.92, -28.41, -25.97, -16.81, -20.03, 0.000, 0.000, 0.000, 20:49:06.439, 1541900946439
175, -17.75, -26.64, -26.13, -21.03, -28.30, -26.13, -16.88, -20.16, 0.000, 0.000, 0.000, 20:49:06.440, 1541900946440
176, -17.81, -26.76, -26.06, -21.08, -28.52, -26.15, -16.81, -20.05, 0.000, 0.000, 0.000, 20:49:06.440, 1541900946440
177, -18.04, -26.76, -26.11, -20.94, -28.54, -26.08, -17.03, -19.71, 0.000, 0.000, 0.000, 20:49:06.440, 1541900946440
178, -18.06, -26.64, -26.13, -20.81, -28.48, -26.04, -16.92, -19.49, 0.000, 0.000, 0.000, 20:49:06.440, 1541900946440
179, -17.99, -26.67, -26.15, -20.65, -28.39, -26.04, -16.81, -19.76, 0.000, 0.000, 0.000, 20:49:06.441, 1541900946441
180, -17.97, -26.51, -26.20, -20.72, -27.98, -26.22, -16.81, -19.80, 0.000, 0.000, 0.000, 20:49:06.441, 1541900946441
181, -18.06, -26.51, -26.08, -21.12, -28.12, -26.20, -16.85, -19.69, -0.036, 0.968, -0.024, 20:49:06.441, 1541900946441
182, -18.02, -26.51, -26.08, -21.14, -28.41, -26.29, -16.92, -19.87, 0.000, 0.000, 0.000, 20:49:06.441, 1541900946441
183, -17.97, -26.44, -26.15, -20.70, -28.43, -26.17, -17.10, -19.89, 0.000, 0.000, 0.000, 20:49:06.441, 1541900946441
184, -17.86, -26.60, -26.13, -20.56, -28.50, -26.04, -17.14, -19.80, 0.000, 0.000, 0.000, 20:49:06.441, 1541900946441
185, -17.81, -26.69, -26.17, -20.56, -28.52, -25.84, -16.85, -19.76, 0.000, 0.000, 0.000, 20:49:06.441, 1541900946441
186, -17.93, -26.93, -26.13, -20.70, -28.41, -26.13, -16.83, -19.92, 0.000, 0.000, 0.000, 20:49:06.441, 1541900946441
187, -17.86, -26.87, -26.15, -20.88, -28.23, -26.04, -16.88, -20.05, 0.000, 0.000, 0.000, 20:49:06.441, 1541900946441
188, -18.08, -27.00, -26.20, -20.85, -28.52, -26.02, -16.96, -19.96, 0.000, 0.000, 0.000, 20:49:06.441, 1541900946441
189, -18.04, -26.71, -26.20, -20.65, -28.48, -26.29, -16.90, -19.71, 0.000, 0.000, 0.000, 20:49:06.441, 1541900946441
190, -18.08, -26.69, -26.08, -20.74, -28.36, -25.73, -16.88, -19.83, 0.000, 0.000, 0.000, 20:49:06.442, 1541900946442
191, -17.95, -26.69, -26.17, -20.54, -28.23, -26.02, -16.83, -19.87, -0.032, 0.966, -0.054, 20:49:06.442, 1541900946442
192, -17.95, -26.53, -26.17, -20.63, -28.23, -26.44, -16.92, -19.80, 0.000, 0.000, 0.000, 20:49:06.442, 1541900946442
193, -17.90, -26.55, -26.17, -21.01, -28.59, -26.20, -16.81, -19.87, 0.000, 0.000, 0.000, 20:49:06.442, 1541900946442
194, -17.95, -26.46, -26.15, -21.01, -28.43, -26.17, -16.92, -19.87, 0.000, 0.000, 0.000, 20:49:06.442, 1541900946442
195, -18.04, -26.69, -26.13, -21.08, -28.48, -26.00, -16.81, -19.87, 0.000, 0.000, 0.000, 20:49:06.442, 1541900946442
196, -17.95, -26.73, -26.04, -21.10, -28.25, -26.02, -16.88, -19.94, 0.000, 0.000, 0.000, 20:49:06.442, 1541900946442
197, -17.90, -26.78, -26.11, -20.74, -28.14, -25.97, -16.92, -19.85, 0.000, 0.000, 0.000, 20:49:06.442, 1541900946442
198, -18.19, -26.62, -26.13, -20.81, -28.39, -25.95, -16.81, -19.94, 0.000, 0.000, 0.000, 20:49:06.442, 1541900946442
199, -17.79, -26.64, -26.17, -20.83, -28.39, -26.20, -16.90, -19.69, 0.000, 0.000, 0.000, 20:49:06.442, 1541900946442
200, -18.08, -26.69, -26.20, -20.76, -28.30, -26.24, -16.92, -19.65, 0.000, 0.000, 0.000, 20:49:06.443, 1541900946443
201, -18.19, -26.73, -26.06, -20.76, -28.30, -26.02, -16.99, -19.89, -0.004, 0.956, -0.042, 20:49:06.443, 1541900946443
202, -18.02, -26.62, -26.13, -20.76, -28.41, -26.29, -17.08, -19.85, 0.000, 0.000, 0.000, 20:49:06.443, 1541900946443
203, -18.22, -27.05, -26.13, -20.76, -28.30, -25.93, -16.79, -19.80, 0.000, 0.000, 0.000, 20:49:06.443, 1541900946443
204, -17.99, -26.91, -26.08, -20.79, -28.14, -26.06, -16.92, -19.94, 0.000, 0.000, 0.000, 20:49:06.443, 1541900946443
205, -18.02, -26.67, -26.08, -20.70, -28.23, -26.13, -16.96, -19.85, 0.000, 0.000, 0.000, 20:49:06.443, 1541900946443
206, -17.99, -26.62, -26.13, -20.83, -28.10, -25.97, -16.90, -19.98, 0.000, 0.000, 0.000, 20:49:06.443, 1541900946443
207, -17.77, -26.60, -26.08, -21.10, -28.25, -26.20, -16.92, -20.05, 0.000, 0.000, 0.000, 20:49:06.443, 1541900946443
208, -17.99, -26.69, -26.13, -20.92, -28.36, -26.15, -16.85, -19.80, 0.000, 0.000, 0.000, 20:49:06.443, 1541900946443
209, -18.17, -26.80, -26.13, -20.81, -28.34, -26.04, -16.90, -19.85, 0.000, 0.000, 0.000, 20:49:06.444, 1541900946444
210, -17.97, -26.76, -26.11, -20.70, -28.25, -26.08, -16.83, -19.67, 0.000, 0.000, 0.000, 20:49:06.444, 1541900946444
211, -18.02, -26.80, -26.17, -20.65, -28.16, -25.86, -17.08, -19.65, -0.020, 0.958, -0.064, 20:49:06.444, 1541900946444
212, -17.77, -26.73, -26.17, -20.90, -28.45, -25.88, -17.08, -19.71, 0.000, 0.000, 0.000, 20:49:06.444, 1541900946444
213, -18.08, -26.53, -26.11, -20.97, -28.45, -26.22, -16.99, -19.58, 0.000, 0.000, 0.000, 20:49:06.444, 1541900946444
214, -18.17, -26.73, -26.08, -20.97, -28.41, -26.04, -16.85, -19.47, 0.000, 0.000, 0.000, 20:49:06.444, 1541900946444
215, -17.97, -26.60, -26.13, -20.88, -28.39, -26.00, -16.81, -19.76, 0.000, 0.000, 0.000, 20:49:06.444, 1541900946444
216, -18.02, -26.53, -26.11, -20.97, -28.23, -26.31, -17.08, -19.98, 0.000, 0.000, 0.000, 20:49:06.444, 1541900946444
217, -17.77, -26.69, -26.08, -20.94, -28.10, -26.29, -17.12, -19.87, 0.000, 0.000, 0.000, 20:49:06.444, 1541900946444
218, -17.97, -26.76, -26.11, -20.83, -28.36, -26.24, -17.10, -19.69, 0.000, 0.000, 0.000, 20:49:06.444, 1541900946444
219, -18.08, -26.73, -26.08, -20.92, -28.50, -25.97, -17.23, -19.69, 0.000, 0.000, 0.000, 20:49:06.444, 1541900946444
220, -17.86, -26.64, -26.11, -20.88, -28.32, -25.88, -16.99, -19.92, 0.000, 0.000, 0.000, 20:49:06.445, 1541900946445
221, -17.93, -26.69, -26.13, -20.92, -28.21, -26.11, -16.96, -20.05, -0.018, 0.962, -0.056, 20:49:06.445, 1541900946445
222, -18.02, -26.69, -26.13, -20.99, -28.27, -26.17, -17.08, -20.09, 0.000, 0.000, 0.000, 20:49:06.445, 1541900946445
223, -17.84, -26.78, -26.13, -20.88, -28.25, -26.13, -17.05, -19.89, 0.000, 0.000, 0.000, 20:49:06.445, 1541900946445
224, -17.72, -27.09, -26.06, -21.01, -28.23, -26.15, -17.08, -19.89, 0.000, 0.000, 0.000, 20:49:06.909, 1541900946909
225, -17.81, -27.02, -26.04, -21.01, -28.48, -26.04, -17.01, -19.85, 0.000, 0.000, 0.000, 20:49:06.909, 1541900946909
226, -18.06, -26.96, -26.06, -20.97, -28.48, -26.22, -16.76, -19.80, 0.000, 0.000, 0.000, 20:49:06.909, 1541900946909
227, -18.08, -26.98, -26.08, -20.81, -28.25, -26.11, -16.92, -19.80, 0.000, 0.000, 0.000, 20:49:06.909, 1541900946909
228, -18.15, -26.73, -26.08, -20.81, -28.36, -26.17, -16.85, -19.87, 0.000, 0.000, 0.000, 20:49:06.909, 1541900946909
229, -18.04, -26.64, -26.15, -20.92, -28.39, -26.00, -16.61, -19.78, 0.000, 0.000, 0.000, 20:49:06.909, 1541900946909
230, -17.88, -26.76, -26.11, -20.92, -28.41, -25.79, -16.63, -19.83, -0.020, 1.002, -0.022, 20:49:06.909, 1541900946909
231, -18.19, -26.87, -26.08, -20.83, -28.25, -25.97, -16.94, -19.69, 0.000, 0.000, 0.000, 20:49:06.910, 1541900946910
232, -18.13, -26.84, -26.02, -20.83, -28.30, -26.24, -16.92, -19.60, 0.000, 0.000, 0.000, 20:49:06.910, 1541900946910
233, -18.02, -26.87, -26.04, -20.70, -28.48, -26.06, -16.96, -19.87, 0.000, 0.000, 0.000, 20:49:06.910, 1541900946910
234, -18.10, -26.80, -26.08, -20.54, -28.19, -26.02, -16.88, -19.85, 0.000, 0.000, 0.000, 20:49:06.910, 1541900946910
235, -17.79, -26.76, -26.08, -20.65, -28.30, -26.08, -16.90, -19.54, 0.000, 0.000, 0.000, 20:49:06.910, 1541900946910
236, -17.90, -26.69, -26.06, -21.17, -28.52, -26.02, -16.79, -19.87, 0.000, 0.000, 0.000, 20:49:06.910, 1541900946910
237, -17.90, -26.67, -26.08, -21.01, -28.32, -26.08, -16.76, -20.05, 0.000, 0.000, 0.000, 20:49:06.910, 1541900946910
238, -18.04, -26.82, -26.11, -20.97, -28.39, -26.06, -16.74, -19.87, 0.000, 0.000, 0.000, 20:49:06.910, 1541900946910
239, -18.13, -26.71, -26.08, -20.83, -28.43, -26.13, -16.81, -19.87, 0.000, 0.000, 0.000, 20:49:06.910, 1541900946910
240, -18.13, -26.62, -26.08, -20.88, -28.19, -26.13, -17.03, -19.78, -0.042, 1.038, 0.012, 20:49:06.910, 1541900946910
241, -18.08, -26.60, -26.08, -20.99, -28.14, -26.00, -17.17, -19.98, 0.000, 0.000, 0.000, 20:49:06.910, 1541900946910
242, -17.99, -26.53, -26.11, -21.03, -28.07, -25.93, -16.81, -19.92, 0.000, 0.000, 0.000, 20:49:06.910, 1541900946910
243, -17.90, -26.82, -26.11, -20.81, -28.52, -25.97, -17.01, -19.65, 0.000, 0.000, 0.000, 20:49:06.911, 1541900946911
244, -17.75, -27.11, -26.06, -20.83, -28.52, -25.86, -17.05, -19.60, 0.000, 0.000, 0.000, 20:49:06.911, 1541900946911
245, -18.04, -26.73, -26.15, -20.85, -28.43, -25.79, -16.85, -19.58, 0.000, 0.000, 0.000, 20:49:06.911, 1541900946911
246, -18.35, -26.76, -26.08, -20.76, -28.41, -26.08, -17.01, -20.00, 0.000, 0.000, 0.000, 20:49:06.911, 1541900946911
247, -18.08, -26.64, -26.00, -20.83, -28.52, -26.17, -16.85, -19.96, 0.000, 0.000, 0.000, 20:49:06.911, 1541900946911
248, -17.84, -26.44, -26.04, -20.83, -28.43, -26.24, -16.74, -19.94, 0.000, 0.000, 0.000, 20:49:06.911, 1541900946911
249, -18.02, -26.51, -26.08, -20.76, -28.32, -26.06, -17.10, -19.83, 0.000, 0.000, 0.000, 20:49:06.911, 1541900946911
250, -17.97, -26.62, -26.08, -20.88, -28.34, -26.31, -17.08, -19.78, -0.056, 1.056, 0.036, 20:49:06.911, 1541900946911
251, -18.04, -26.76, -26.08, -20.92, -28.68, -26.00, -16.81, -20.14, 0.000, 0.000, 0.000, 20:49:06.911, 1541900946911
252, -18.15, -26.80, -26.08, -20.72, -28.48, -26.02, -16.70, -19.94, 0.000, 0.000, 0.000, 20:49:06.912, 1541900946912
253, -18.04, -26.71, -26.08, -20.83, -28.25, -26.42, -16.74, -20.03, 0.000, 0.000, 0.000, 20:49:06.912, 1541900946912
254, -17.97, -26.87, -26.17, -20.81, -28.14, -26.40, -16.90, -20.09, 0.000, 0.000, 0.000, 20:49:06.912, 1541900946912
255, -17.90, -26.64, -26.13, -20.76, -28.07, -25.97, -16.96, -19.94, 0.000, 0.000, 0.000, 20:49:06.912, 1541900946912
0, -18.08, -26.69, -26.13, -20.83, -28.30, -25.91, -16.94, -19.76, 0.000, 0.000, 0.000, 20:49:06.912, 1541900946912
1, -18.13, -26.62, -26.17, -20.76, -28.41, -25.97, -16.85, -19.92, 0.000, 0.000, 0.000, 20:49:06.912, 1541900946912
2, -17.97, -26.76, -26.15, -20.72, -28.41, -25.88, -16.94, -19.85, 0.000, 0.000, 0.000, 20:49:06.912, 1541900946912
3, -17.77, -26.73, -26.13, -20.81, -28.70, -26.06, -16.96, -19.92, 0.000, 0.000, 0.000, 20:49:06.912, 1541900946912
4, -17.93, -26.71, -26.08, -20.94, -28.32, -26.06, -16.83, -19.85, -0.040, 1.026, 0.034, 20:49:06.912, 1541900946912
5, -17.88, -26.69, -26.08, -20.99, -28.12, -26.11, -17.08, -19.89, 0.000, 0.000, 0.000, 20:49:06.912, 1541900946912
6, -18.06, -26.78, -26.08, -20.83, -28.34, -25.95, -16.92, -20.07, 0.000, 0.000, 0.000, 20:49:06.912, 1541900946912
7, -18.04, -26.82, -26.08, -20.85, -28.43, -25.73, -16.90, -19.87, 0.000, 0.000, 0.000, 20:49:06.913, 1541900946913
8, -18.08, -26.64, -26.11, -20.97, -28.39, -25.91, -16.92, -19.87, 0.000, 0.000, 0.000, 20:49:06.913, 1541900946913
9, -18.04, -26.51, -26.08, -20.88, -28.70, -25.93, -17.01, -19.87, 0.000, 0.000, 0.000, 20:49:06.913, 1541900946913
10, -18.08, -26.62, -26.06, -21.10, -28.57, -26.08, -16.70, -19.98, 0.000, 0.000, 0.000, 20:49:06.913, 1541900946913
11, -18.04, -26.76, -26.08, -21.06, -28.41, -26.33, -16.63, -19.94, 0.000, 0.000, 0.000, 20:49:06.913, 1541900946913
12, -17.97, -26.60, -26.06, -21.14, -28.23, -26.08, -16.81, -19.71, 0.000, 0.000, 0.000, 20:49:06.913, 1541900946913
13, -17.93, -26.58, -26.11, -20.97, -28.12, -26.04, -16.83, -19.76, -0.030, 1.016, 0.062, 20:49:06.913, 1541900946913
14, -18.13, -26.60, -26.13, -21.17, -28.21, -25.86, -17.14, -19.98, 0.000, 0.000, 0.000, 20:49:06.913, 1541900946913
15, -18.08, -26.51, -26.13, -20.88, -28.10, -25.86, -16.79, -19.92, 0.000, 0.000, 0.000, 20:49:06.913, 1541900946913
16, -18.08, -26.58, -26.06, -20.81, -28.41, -26.06, -16.81, -19.87, 0.000, 0.000, 0.000, 20:49:06.913, 1541900946913
17, -17.86, -26.78, -26.11, -20.88, -28.19, -26.15, -16.85, -19.98, 0.000, 0.000, 0.000, 20:49:06.913, 1541900946913
18, -17.79, -26.64, -26.13, -20.83, -28.14, -26.20, -17.01, -19.71, 0.000, 0.000, 0.000, 20:49:06.913, 1541900946913
19, -18.02, -26.73, -26.11, -20.65, -28.36, -26.02, -16.79, -19.56, 0.000, 0.000, 0.000, 20:49:06.913, 1541900946913
20, -17.90, -26.73, -26.08, -20.88, -28.45, -25.95, -16.90, -19.71, 0.000, 0.000, 0.000, 20:49:06.914, 1541900946914
21, -17.75, -26.84, -26.06, -20.85, -28.41, -26.02, -16.88, -19.74, 0.000, 0.000, 0.000, 20:49:06.914, 1541900946914
22, -18.02, -26.80, -25.97, -20.81, -28.19, -26.20, -17.08, -19.60, 0.000, 0.000, 0.000, 20:49:06.914, 1541900946914
23, -17.86, -26.91, -26.13, -20.76, -28.27, -26.06, -16.83, -19.71, -0.062, 0.998, 0.068, 20:49:06.914, 1541900946914
24, -17.86, -26.89, -26.08, -20.92, -28.30, -26.15, -17.01, -19.69, 0.000, 0.000, 0.000, 20:49:06.914, 1541900946914
25, -17.97, -26.64, -26.11, -20.94, -28.25, -26.06, -17.12, -19.69, 0.000, 0.000, 0.000, 20:49:06.914, 1541900946914
26, -18.13, -26.58, -26.13, -20.94, -28.45, -26.15, -16.90, -19.92, 0.000, 0.000, 0.000, 20:49:06.914, 1541900946914
27, -17.97, -26.73, -26.15, -21.03, -28.25, -26.04, -17.01, -19.92, 0.000, 0.000, 0.000, 20:49:06.914, 1541900946914
28, -17.81, -26.78, -26.08, -20.92, -28.36, -25.84, -16.92, -19.71, 0.000, 0.000, 0.000, 20:49:06.914, 1541900946914
29, -17.90, -26.78, -26.08, -20.94, -28.52, -26.08, -17.14, -19.51, 0.000, 0.000, 0.000, 20:49:06.914, 1541900946914
30, -18.06, -26.84, -26.04, -21.01, -28.41, -26.20, -16.94, -19.65, 0.000, 0.000, 0.000, 20:49:06.914, 1541900946914
31, -17.90, -26.51, -26.11, -20.90, -28.43, -26.11, -16.72, -19.76, 0.000, 0.000, 0.000, 20:49:06.914, 1541900946914
32, -18.19, -26.46, -26.13, -20.83, -28.23, -26.13, -17.01, -20.05, 0.000, 0.000, 0.000, 20:49:06.915, 1541900946915
33, -18.24, -26.76, -26.08, -20.83, -28.41, -25.97, -16.85, -19.98, -0.086, 1.010, 0.102, 20:49:06.915, 1541900946915
34, -18.13, -26.64, -26.13, -20.92, -28.25, -26.06, -16.85, -19.80, 0.000, 0.000, 0.000, 20:49:06.915, 1541900946915
35, -18.02, -26.71, -26.13, -20.74, -28.36, -26.13, -16.94, -19.98, 0.000, 0.000, 0.000, 20:49:06.915, 1541900946915
36, -17.97, -26.73, -26.06, -20.65, -28.36, -26.02, -16.96, -19.92, 0.000, 0.000, 0.000, 20:49:06.915, 1541900946915
37, -17.93, -26.73, -25.97, -20.70, -28.41, -26.17, -16.88, -19.92, 0.000, 0.000, 0.000, 20:49:06.915, 1541900946915
38, -17.79, -26.80, -26.08, -20.81, -28.07, -26.17, -16.81, -19.87, 0.000, 0.000, 0.000, 20:49:06.915, 1541900946915
39, -17.95, -26.93, -26.15, -20.81, -28.21, -26.31, -16.81, -19.54, 0.000, 0.000, 0.000, 20:49:06.915, 1541900946915
40, -17.79, -26.87, -26.15, -20.81, -28.36, -26.08, -16.85, -19.80, 0.000, 0.000, 0.000, 20:49:06.915, 1541900946915
41, -17.95, -26.91, -26.13, -20.97, -28.48, -26.06, -16.88, -20.05, 0.000, 0.000, 0.000, 20:49:06.915, 1541900946915
42, -17.79, -26.76, -26.13, -20.92, -28.39, -26.06, -16.99, -19.92, 0.000, 0.000, 0.000, 20:49:06.916, 1541900946916
43, -18.04, -26.71, -26.13, -20.92, -28.34, -26.22, -17.23, -19.74, -0.108, 1.006, 0.156, 20:49:06.916, 1541900946916
44, -18.08, -26.84, -26.11, -20.94, -28.41, -26.29, -17.08, -19.78, 0.000, 0.000, 0.000, 20:49:06.916, 1541900946916
45, -17.79, -26.87, -26.11, -20.88, -28.39, -25.95, -16.90, -19.87, 0.000, 0.000, 0.000, 20:49:06.916, 1541900946916
46, -17.93, -26.80, -26.17, -20.81, -28.52, -25.97, -17.19, -19.98, 0.000, 0.000, 0.000, 20:49:06.917, 1541900946917
47, -17.77, -26.64, -26.13, -20.99, -28.41, -26.02, -17.01, -20.03, 0.000, 0.000, 0.000, 20:49:06.917, 1541900946917
48, -17.97, -26.78, -26.13, -20.72, -28.36, -25.93, -16.94, -19.94, 0.000, 0.000, 0.000, 20:49:06.917, 1541900946917
49, -18.13, -26.73, -26.13, -20.72, -28.48, -25.86, -16.85, -19.98, 0.000, 0.000, 0.000, 20:49:06.925, 1541900946925
50, -17.97, -26.80, -26.11, -20.94, -28.27, -25.97, -16.58, -19.69, 0.000, 0.000, 0.000, 20:49:06.925, 1541900946925
51, -17.86, -26.98, -26.06, -21.14, -28.36, -25.88, -16.70, -19.78, 0.000, 0.000, 0.000, 20:49:06.925, 1541900946925
52, -17.90, -26.62, -26.06, -20.81, -28.30, -25.86, -16.83, -19.65, 0.000, 0.000, 0.000, 20:49:06.926, 1541900946926
53, -18.08, -26.51, -26.13, -20.79, -28.43, -26.00, -16.90, -19.54, -0.102, 0.990, 0.176, 20:49:06.926, 1541900946926
54, -18.24, -26.87, -26.20, -20.88, -28.43, -26.17, -17.08, -19.56, 0.000, 0.000, 0.000, 20:49:06.926, 1541900946926
55, -18.08, -27.11, -26.20, -21.10, -28.32, -26.46, -16.92, -19.92, 0.000, 0.000, 0.000, 20:49:06.926, 1541900946926
56, -17.88, -26.80, -26.13, -20.88, -28.32, -26.13, -16.92, -20.16, 0.000, 0.000, 0.000, 20:49:06.926, 1541900946926
57, -17.79, -26.76, -26.06, -20.88, -28.43, -25.93, -17.08, -20.05, 0.000, 0.000, 0.000, 20:49:06.926, 1541900946926
58, -17.86, -26.62, -26.06, -20.56, -28.52, -26.24, -16.96, -19.83, 0.000, 0.000, 0.000, 20:49:06.926, 1541900946926
59, -18.13, -26.71, -26.08, -20.59, -28.57, -26.31, -16.94, -20.00, 0.000, 0.000, 0.000, 20:49:06.926, 1541900946926
60, -18.08, -26.58, -26.13, -20.76, -28.25, -26.13, -16.94, -20.03, 0.000, 0.000, 0.000, 20:49:06.926, 1541900946926
61, -17.90, -26.76, -26.13, -20.94, -28.30, -26.02, -16.90, -19.98, 0.000, 0.000, 0.000, 20:49:06.926, 1541900946926
62, -17.81, -26.71, -26.13, -20.88, -28.32, -26.08, -17.03, -20.16, -0.084, 0.992, 0.142, 20:49:06.926, 1541900946926
63, -17.81, -26.64, -26.17, -20.88, -28.16, -26.26, -16.85, -20.21, 0.000, 0.000, 0.000, 20:49:06.926, 1541900946926
64, -17.88, -26.62, -26.15, -21.01, -28.32, -26.22, -16.81, -20.16, 0.000, 0.000, 0.000, 20:49:06.927, 1541900946927
65, -18.08, -26.67, -26.15, -21.06, -28.34, -26.06, -16.92, -20.14, 0.000, 0.000, 0.000, 20:49:06.927, 1541900946927
66, -18.19, -26.67, -26.17, -20.92, -28.34, -25.93, -17.08, -19.85, 0.000, 0.000, 0.000, 20:49:06.927, 1541900946927
67, -18.13, -26.89, -26.17, -20.85, -28.21, -26.11, -17.08, -19.98, 0.000, 0.000, 0.000, 20:49:06.927, 1541900946927
68, -18.02, -26.80, -26.02, -20.72, -28.48, -26.22, -17.10, -20.25, 0.000, 0.000, 0.000, 20:49:06.927, 1541900946927
69, -18.06, -26.69, -26.02, -20.90, -28.39, -25.97, -17.01, -19.85, 0.000, 0.000, 0.000, 20:49:06.927, 1541900946927
70, -17.90, -26.78, -26.02, -20.85, -28.41, -26.02, -16.94, -19.74, 0.000, 0.000, 0.000, 20:49:06.928, 1541900946928
71, -17.97, -27.07, -26.02, -20.68, -28.16, -26.06, -16.83, -19.69, 0.000, 0.000, 0.000, 20:49:06.928, 1541900946928
72, -17.79, -26.89, -26.02, -20.94, -28.12, -26.06, -17.14, -19.69, -0.052, 0.980, 0.128, 20:49:06.928, 1541900946928
73, -17.86, -26.76, -26.06, -20.99, -28.23, -26.08, -17.03, -19.96, 0.000, 0.000, 0.000, 20:49:06.928, 1541900946928
74, -17.93, -26.69, -26.08, -20.76, -28.25, -26.20, -16.99, -20.16, 0.000, 0.000, 0.000, 20:49:06.928, 1541900946928
75, -17.81, -26.71, -26.13, -20.90, -28.30, -26.17, -17.14, -19.85, 0.000, 0.000, 0.000, 20:49:06.929, 1541900946929
76, -17.86, -26.76, -26.13, -20.92, -28.52, -26.08, -17.12, -19.78, 0.000, 0.000, 0.000, 20:49:06.929, 1541900946929
77, -17.90, -26.84, -26.11, -21.03, -28.52, -26.29, -16.90, -19.98, 0.000, 0.000, 0.000, 20:49:06.929, 1541900946929
78, -17.90, -26.64, -26.06, -20.83, -28.36, -26.24, -17.01, -20.05, 0.000, 0.000, 0.000, 20:49:06.929, 1541900946929
79, -17.79, -26.71, -26.08, -20.63, -28.63, -26.04, -16.90, -19.83, 0.000, 0.000, 0.000, 20:49:06.929, 1541900946929
80, -17.75, -26.76, -26.13, -20.76, -28.48, -25.84, -16.92, -19.80, 0.000, 0.000, 0.000, 20:49:06.929, 1541900946929
81, -17.75, -26.64, -26.06, -20.79, -28.43, -25.73, -17.03, -19.69, 0.000, 0.000, 0.000, 20:49:06.929, 1541900946929
82, -17.81, -26.73, -26.08, -20.72, -28.19, -25.79, -16.79, -19.71, -0.074, 0.996, 0.142, 20:49:06.929, 1541900946929
83, -18.15, -26.78, -26.15, -20.70, -28.14, -25.97, -16.96, -20.05, 0.000, 0.000, 0.000, 20:49:06.929, 1541900946929
84, -18.15, -26.80, -26.13, -20.70, -28.30, -25.86, -16.88, -19.76, 0.000, 0.000, 0.000, 20:49:06.930, 1541900946930
85, -17.86, -26.82, -26.08, -20.90, -28.48, -25.86, -16.83, -19.76, 0.000, 0.000, 0.000, 20:49:06.930, 1541900946930
86, -17.99, -26.82, -26.13, -20.99, -28.34, -26.08, -16.92, -19.67, 0.000, 0.000, 0.000, 20:49:06.930, 1541900946930
87, -17.90, -26.78, -26.08, -20.81, -28.07, -25.91, -17.03, -19.56, 0.000, 0.000, 0.000, 20:49:06.931, 1541900946931
88, -18.08, -26.96, -26.08, -20.70, -28.32, -26.00, -17.12, -19.71, 0.000, 0.000, 0.000, 20:49:06.932, 1541900946932
89, -17.86, -26.84, -26.13, -20.76, -28.45, -26.17, -17.08, -19.92, 0.000, 0.000, 0.000, 20:49:07.391, 1541900947391
90, -18.08, -26.78, -26.08, -20.83, -28.48, -26.29, -16.90, -20.05, 0.000, 0.000, 0.000, 20:49:07.392, 1541900947392
91, -18.04, -26.89, -26.13, -20.81, -28.43, -26.02, -16.92, -19.87, 0.000, 0.000, 0.000, 20:49:07.392, 1541900947392
92, -17.86, -26.98, -26.04, -20.70, -28.48, -26.06, -17.01, -19.78, -0.122, 0.996, 0.136, 20:49:07.393, 1541900947393
93, -17.84, -26.84, -26.17, -20.68, -28.48, -26.13, -16.96, -19.76, 0.000, 0.000, 0.000, 20:49:07.394, 1541900947394
94, -18.02, -26.73, -26.15, -20.61, -28.72, -26.24, -16.74, -19.87, 0.000, 0.000, 0.000, 20:49:07.394, 1541900947394
95, -18.04, -26.96, -26.15, -20.59, -28.21, -25.91, -16.96, -19.78, 0.000, 0.000, 0.000, 20:49:07.395, 1541900947395
96, -18.15, -26.91, -26.08, -20.88, -28.41, -26.06, -17.10, -19.60, 0.000, 0.000, 0.000, 20:49:07.396, 1541900947396
97, -18.13, -26.84, -26.08, -20.76, -28.54, -26.02, -17.08, -19.83, 0.000, 0.000, 0.000, 20:49:07.396, 1541900947396
98, -17.93, -26.73, -26.08, -20.63, -28.48, -26.13, -17.19, -19.94, 0.000, 0.000, 0.000, 20:49:07.396, 1541900947396
99, -17.77, -26.67, -26.08, -20.70, -28.41, -26.17, -17.19, -20.03, 0.000, 0.000, 0.000, 20:49:07.397, 1541900947397
100, -17.86, -26.82, -26.13, -20.83, -28.43, -26.24, -16.85, -19.78, 0.000, 0.000, 0.000, 20:49:07.397, 1541900947397
101, -17.90, -26.78, -26.06, -20.79, -28.43, -26.08, -16.88, -19.94, 0.000, 0.000, 0.000, 20:49:07.397, 1541900947397
102, -17.93, -26.67, -26.02, -20.99, -28.48, -26.02, -16.88, -19.94, -0.124, 1.012, 0.124, 20:49:07.397, 1541900947397
103, -18.10, -26.69, -26.04, -20.83, -28.41, -26.22, -17.05, -19.71, 0.000, 0.000, 0.000, 20:49:07.397, 1541900947397
104, -18.04, -26.67, -26.08, -20.94, -28.41, -26.08, -16.85, -19.69, 0.000, 0.000, 0.000, 20:49:07.397, 1541900947397
105, -18.13, -26.69, -26.13, -20.88, -28.43, -25.95, -16.58, -19.58, 0.000, 0.000, 0.000, 20:49:07.397, 1541900947397
106, -17.81, -26.91, -26.06, -20.88, -28.34, -25.95, -16.70, -19.71, 0.000, 0.000, 0.000, 20:49:07.397, 1541900947397
107, -17.95, -26.76, -26.13, -20.85, -28.32, -26.13, -16.81, -19.87, 0.000, 0.000, 0.000, 20:49:07.397, 1541900947397
108, -17.97, -26.55, -26.15, -20.68, -28.43, -26.15, -16.76, -19.80, 0.000, 0.000, 0.000, 20:49:07.397, 1541900947397
109, -17.66, -26.73, -26.15, -20.81, -28.34, -26.20, -17.03, -19.69, 0.000, 0.000, 0.000, 20:49:07.397, 1541900947397
110, -17.79, -26.60, -26.08, -21.01, -28.19, -26.29, -16.92, -19.62, 0.000, 0.000, 0.000, 20:49:07.398, 1541900947398
111, -17.86, -26.51, -26.11, -20.85, -28.43, -26.13, -16.90, -19.80, -0.102, 1.020, 0.110, 20:49:07.398, 1541900947398
112, -18.13, -26.60, -26.08, -20.70, -28.30, -26.31, -16.83, -19.92, 0.000, 0.000, 0.000, 20:49:07.398, 1541900947398
113, -18.08, -26.84, -26.11, -20.74, -27.98, -26.00, -16.92, -20.05, 0.000, 0.000, 0.000, 20:49:07.398, 1541900947398
114, -18.04, -26.89, -26.15, -20.70, -28.12, -26.02, -17.08, -19.83, 0.000, 0.000, 0.000, 20:49:07.398, 1541900947398
115, -18.17, -26.91, -26.11, -20.92, -28.59, -25.88, -16.81, -19.83, 0.000, 0.000, 0.000, 20:49:07.398, 1541900947398
116, -18.31, -26.82, -26.11, -20.85, -28.45, -26.02, -16.85, -19.74, 0.000, 0.000, 0.000, 20:49:07.398, 1541900947398
117, -18.04, -26.89, -26.13, -20.92, -28.59, -26.31, -16.79, -19.87, 0.000, 0.000, 0.000, 20:49:07.398, 1541900947398
118, -18.02, -26.98, -26.06, -20.83, -28.39, -26.20, -16.92, -20.00, 0.000, 0.000, 0.000, 20:49:07.398, 1541900947398
119, -17.99, -26.84, -26.08, -20.83, -28.36, -26.08, -16.94, -19.78, 0.000, 0.000, 0.000, 20:49:07.399, 1541900947399
120, -17.97, -26.69, -26.13, -20.83, -28.43, -26.13, -16.92, -19.89, 0.000, 0.000, 0.000, 20:49:07.399, 1541900947399
121, -17.99, -26.89, -26.13, -20.63, -28.30, -26.20, -16.92, -19.87, -0.078, 1.004, 0.100, 20:49:07.399, 1541900947399
122, -18.04, -26.64, -26.20, -20.76, -28.12, -26.29, -16.96, -19.85, 0.000, 0.000, 0.000, 20:49:07.399, 1541900947399
123, -17.97, -26.87, -26.13, -20.88, -28.50, -26.24, -17.03, -19.80, 0.000, 0.000, 0.000, 20:49:07.399, 1541900947399
124, -17.90, -26.96, -26.17, -20.85, -28.54, -26.15, -16.90, -19.65, 0.000, 0.000, 0.000, 20:49:07.399, 1541900947399
125, -18.04, -26.69, -26.13, -21.12, -28.48, -26.02, -16.92, -19.94, 0.000, 0.000, 0.000, 20:49:07.399, 1541900947399
126, -17.97, -26.53, -26.11, -20.97, -28.25, -26.20, -17.01, -19.74, 0.000, 0.000, 0.000, 20:49:07.399, 1541900947399
127, -18.02, -26.53, -26.13, -20.88, -28.32, -26.40, -16.96, -19.83, 0.000, 0.000, 0.000, 20:49:07.399, 1541900947399
128, -17.75, -26.46, -26.15, -20.70, -28.27, -26.13, -16.65, -20.03, 0.000, 0.000, 0.000, 20:49:07.399, 1541900947399
129, -17.81, -26.69, -26.17, -20.76, -28.21, -26.02, -16.83, -20.23, 0.000, 0.000, 0.000, 20:49:07.399, 1541900947399
130, -17.90, -26.78, -26.08, -20.88, -28.30, -25.95, -16.81, -19.94, 0.000, 0.000, 0.000, 20:49:07.400, 1541900947400
131, -17.84, -26.46, -26.17, -20.61, -28.34, -26.08, -16.79, -19.58, -0.044, 0.990, 0.082, 20:49:07.400, 1541900947400
132, -17.86, -26.76, -26.08, -20.81, -28.23, -26.29, -17.03, -19.54, 0.000, 0.000, 0.000, 20:49:07.400, 1541900947400
133, -18.08, -26.76, -26.11, -20.97, -28.32, -26.06, -17.01, -19.83, 0.000, 0.000, 0.000, 20:49:07.400, 1541900947400
134, -18.08, -26.80, -26.08, -20.99, -28.48, -25.95, -17.01, -19.80, 0.000, 0.000, 0.000, 20:49:07.400, 1541900947400
135, -18.28, -26.91, -26.08, -20.79, -28.34, -26.24, -17.10, -19.87, 0.000, 0.000, 0.000, 20:49:07.400, 1541900947400
136, -17.88, -27.02, -26.20, -20.81, -28.30, -26.17, -17.10, -20.12, 0.000, 0.000, 0.000, 20:49:07.400, 1541900947400
137, -18.04, -26.89, -26.17, -20.92, -28.32, -26.17, -17.03, -20.12, 0.000, 0.000, 0.000, 20:49:07.400, 1541900947400
138, -17.90, -26.89, -26.15, -20.72, -28.07, -26.20, -17.08, -19.85, 0.000, 0.000, 0.000, 20:49:07.400, 1541900947400
139, -17.81, -26.93, -26.15, -20.65, -28.21, -25.95, -17.19, -19.85, 0.000, 0.000, 0.000, 20:49:07.400, 1541900947400
140, -17.81, -26.62, -26.11, -20.88, -28.36, -25.91, -16.88, -19.78, 0.000, 0.000, 0.000, 20:49:07.400, 1541900947400
141, -17.72, -26.71, -26.06, -20.81, -28.57, -26.13, -16.74, -19.74, -0.030, 0.994, 0.104, 20:49:07.400, 1541900947400
142, -17.75, -26.87, -26.02, -20.83, -28.54, -26.24, -16.79, -19.83, 0.000, 0.000, 0.000, 20:49:07.400, 1541900947400
143, -17.95, -27.02, -26.08, -20.83, -28.59, -26.02, -16.90, -19.94, 0.000, 0.000, 0.000, 20:49:07.400, 1541900947400
144, -18.06, -27.02, -26.22, -20.94, -28.54, -26.00, -16.81, -20.00, 0.000, 0.000, 0.000, 20:49:07.401, 1541900947401
145, -18.08, -26.91, -26.17, -20.94, -28.25, -26.24, -16.67, -19.94, 0.000, 0.000, 0.000, 20:49:07.401, 1541900947401
146, -18.15, -26.98, -26.11, -20.94, -28.16, -26.44, -16.92, -19.98, 0.000, 0.000, 0.000, 20:49:07.401, 1541900947401
147, -17.93, -26.96, -26.04, -21.06, -28.21, -26.17, -16.79, -19.80, 0.000, 0.000, 0.000, 20:49:07.401, 1541900947401
148, -17.86, -26.78, -26.15, -20.56, -28.25, -25.97, -16.79, -19.92, 0.000, 0.000, 0.000, 20:49:07.401, 1541900947401
149, -17.59, -26.87, -26.20, -20.81, -28.25, -26.17, -16.85, -19.71, 0.000, 0.000, 0.000, 20:49:07.402, 1541900947402
150, -17.97, -26.96, -26.15, -20.88, -28.25, -26.11, -17.01, -19.76, 0.000, 0.000, 0.000, 20:49:07.402, 1541900947402
151, -17.97, -26.89, -26.08, -20.70, -28.52, -26.02, -17.08, -19.78, -0.040, 0.998, 0.110, 20:49:07.402, 1541900947402
152, -17.90, -26.69, -26.13, -20.70, -28.45, -26.20, -17.05, -19.98, 0.000, 0.000, 0.000, 20:49:07.403, 1541900947403
153, -18.04, -26.64, -26.20, -20.83, -28.52, -25.88, -17.01, -19.98, 0.000, 0.000, 0.000, 20:49:07.403, 1541900947403
154, -18.10, -26.82, -26.15, -20.76, -28.48, -26.00, -16.85, -19.67, 0.000, 0.000, 0.000, 20:49:07.403, 1541900947403
155, -17.90, -26.80, -26.17, -20.83, -28.41, -26.17, -16.63, -19.69, 0.000, 0.000, 0.000, 20:49:07.403, 1541900947403
156, -17.93, -26.69, -26.17, -20.54, -28.43, -25.79, -16.81, -19.71, 0.000, 0.000, 0.000, 20:49:07.403, 1541900947403
157, -18.06, -26.84, -26.15, -20.54, -28.41, -26.02, -16.88, -19.56, 0.000, 0.000, 0.000, 20:49:07.404, 1541900947404
158, -18.02, -26.53, -26.08, -20.65, -28.25, -26.20, -16.90, -19.78, 0.000, 0.000, 0.000, 20:49:07.404, 1541900947404
159, -17.70, -26.64, -26.08, -20.81, -28.30, -25.86, -17.03, -19.76, 0.000, 0.000, 0.000, 20:49:07.404, 1541900947404
160, -17.64, -26.69, -26.15, -21.03, -28.30, -26.20, -16.81, -19.83, -0.048, 1.008, 0.118, 20:49:07.404, 1541900947404
161, -17.95, -26.51, -26.20, -20.90, -28.43, -26.22, -16.70, -19.78, 0.000, 0.000, 0.000, 20:49:07.404, 1541900947404
162, -17.99, -26.69, -26.17, -20.61, -28.41, -26.35, -16.79, -19.74, 0.000, 0.000, 0.000, 20:49:07.404, 1541900947404
163, -17.66, -26.73, -26.13, -20.72, -28.16, -26.24, -16.81, -19.71, 0.000, 0.000, 0.000, 20:49:07.404, 1541900947404
164, -17.70, -26.44, -26.15, -20.90, -28.39, -26.11, -17.08, -19.54, 0.000, 0.000, 0.000, 20:49:07.404, 1541900947404
165, -18.08, -26.62, -26.06, -20.85, -28.39, -26.02, -17.10, -19.62, 0.000, 0.000, 0.000, 20:49:07.404, 1541900947404
166, -18.15, -26.91, -26.06, -20.61, -28.43, -25.95, -17.05, -19.69, 0.000, 0.000, 0.000, 20:49:07.404, 1541900947404
167, -18.02, -26.67, -26.08, -20.65, -28.34, -26.08, -17.01, -19.94, 0.000, 0.000, 0.000, 20:49:07.404, 1541900947404
168, -17.77, -26.69, -26.08, -20.85, -28.36, -25.91, -16.70, -19.74, 0.000, 0.000, 0.000, 20:49:07.404, 1541900947404
169, -17.70, -26.69, -26.13, -20.83, -28.34, -25.93, -16.70, -19.94, 0.000, 0.000, 0.000, 20:49:07.405, 1541900947405
170, -17.90, -26.76, -26.13, -20.92, -28.23, -25.86, -16.72, -19.94, -0.050, 1.006, 0.118, 20:49:07.405, 1541900947405
171, -18.10, -26.69, -26.08, -21.03, -28.16, -26.06, -16.63, -19.69, 0.000, 0.000, 0.000, 20:49:07.405, 1541900947405
172, -17.90, -26.62, -26.06, -20.85, -28.39, -26.17, -16.88, -19.80, 0.000, 0.000, 0.000, 20:49:07.405, 1541900947405
173, -17.86, -26.69, -26.11, -20.76, -28.21, -25.91, -17.01, -19.80, 0.000, 0.000, 0.000, 20:49:07.405, 1541900947405
174, -17.84, -26.55, -26.13, -20.83, -28.21, -25.93, -16.99, -19.54, 0.000, 0.000, 0.000, 20:49:07.405, 1541900947405
175, -18.06, -26.80, -26.11, -20.99, -28.19, -26.20, -17.01, -19.83, 0.000, 0.000, 0.000, 20:49:07.405, 1541900947405
176, -18.13, -26.80, -26.08, -20.92, -28.30, -26.06, -16.79, -19.89, 0.000, 0.000, 0.000, 20:49:07.405, 1541900947405
177, -17.97, -26.76, -26.06, -20.74, -28.19, -25.82, -16.79, -19.67, 0.000, 0.000, 0.000, 20:49:07.405, 1541900947405
178, -17.81, -26.76, -26.06, -20.76, -28.21, -26.13, -16.81, -19.92, 0.000, 0.000, 0.000, 20:49:07.405, 1541900947405
179, -17.90, -26.67, -26.08, -20.94, -28.07, -26.24, -17.01, -20.03, 0.000, 0.000, 0.000, 20:49:07.405, 1541900947405
180, -18.15, -26.67, -26.06, -21.06, -28.43, -26.20, -17.23, -20.14, -0.062, 0.990, 0.110, 20:49:07.406, 1541900947406
181, -18.04, -26.69, -26.06, -20.90, -28.19, -26.08, -17.01, -20.03, 0.000, 0.000, 0.000, 20:49:07.406, 1541900947406
182, -17.97, -26.62, -26.08, -20.79, -28.14, -26.00, -16.74, -19.94, 0.000, 0.000, 0.000, 20:49:07.406, 1541900947406
183, -17.84, -26.55, -26.13, -20.92, -28.21, -26.24, -16.94, -19.65, 0.000, 0.000, 0.000, 20:49:07.406, 1541900947406
184, -18.15, -26.60, -26.11, -20.65, -28.16, -26.26, -17.10, -19.67, 0.000, 0.000, 0.000, 20:49:07.406, 1541900947406
185, -18.02, -26.91, -26.17, -20.50, -28.30, -26.20, -17.21, -19.94, 0.000, 0.000, 0.000, 20:49:07.406, 1541900947406
186, -17.99, -26.96, -26.15, -20.76, -28.43, -26.15, -17.03, -19.71, 0.000, 0.000, 0.000, 20:49:07.406, 1541900947406
187, -18.04, -26.87, -26.11, -20.76, -28.52, -26.20, -16.79, -19.58, 0.000, 0.000, 0.000, 20:49:07.406, 1541900947406
188, -18.02, -26.91, -26.11, -20.72, -28.19, -26.06, -17.19, -19.65, 0.000, 0.000, 0.000, 20:49:07.406, 1541900947406
189, -18.08, -26.78, -26.17, -20.81, -28.43, -26.33, -17.14, -19.67, 0.000, 0.000, 0.000, 20:49:07.406, 1541900947406
190, -18.06, -26.69, -26.08, -20.90, -28.54, -26.40, -16.99, -19.92, -0.072, 0.982, 0.126, 20:49:07.407, 1541900947407
191, -18.04, -26.78, -26.17, -20.81, -28.34, -26.35, -16.92, -19.83, 0.000, 0.000, 0.000, 20:49:07.407, 1541900947407
192, -18.17, -26.84, -26.13, -20.94, -28.41, -26.13, -16.96, -19.76, 0.000, 0.000, 0.000, 20:49:07.407, 1541900947407
193, -17.86, -26.84, -26.08, -20.92, -28.36, -26.13, -16.85, -19.80, 0.000, 0.000, 0.000, 20:49:07.407, 1541900947407
194, -17.84, -26.62, -26.15, -20.88, -28.25, -26.20, -16.85, -20.00, 0.000, 0.000, 0.000, 20:49:07.407, 1541900947407
195, -17.81, -26.80, -26.15, -20.74, -28.25, -26.22, -16.90, -19.83, 0.000, 0.000, 0.000, 20:49:07.407, 1541900947407
196, -17.95, -26.82, -26.11, -20.88, -28.43, -26.42, -16.83, -19.76, 0.000, 0.000, 0.000, 20:49:07.407, 1541900947407
197, -18.04, -26.58, -26.08, -20.92, -28.36, -26.04, -16.83, -19.71, 0.000, 0.000, 0.000, 20:49:07.407, 1541900947407
198, -17.99, -26.71, -26.08, -20.88, -28.23, -26.02, -17.01, -19.74, 0.000, 0.000, 0.000, 20:49:07.407, 1541900947407
199, -17.90, -26.78, -26.17, -20.72, -28.19, -26.02, -17.05, -19.85, -0.082, 0.990, 0.124, 20:49:07.407, 1541900947407
200, -18.08, -26.69, -26.17, -20.81, -28.30, -26.02, -16.96, -19.83, 0.000, 0.000, 0.000, 20:49:07.407, 1541900947407
201, -17.93, -26.73, -26.17, -20.94, -28.39, -26.08, -16.90, -19.89, 0.000, 0.000, 0.000, 20:49:07.408, 1541900947408
202, -17.93, -26.62, -26.13, -20.76, -28.48, -26.17, -16.74, -19.94, 0.000, 0.000, 0.000, 20:49:07.408, 1541900947408
203, -18.02, -26.84, -26.08, -20.68, -28.48, -26.40, -16.81, -19.85, 0.000, 0.000, 0.000, 20:49:07.408, 1541900947408
204, -17.99, -26.73, -26.13, -20.76, -28.45, -26.46, -16.81, -19.76, 0.000, 0.000, 0.000, 20:49:07.408, 1541900947408
205, -17.97, -26.82, -26.20, -20.63, -28.41, -25.97, -17.01, -19.83, 0.000, 0.000, 0.000, 20:49:07.408, 1541900947408
206, -18.04, -26.98, -26.13, -20.54, -28.25, -26.06, -17.08, -19.67, 0.000, 0.000, 0.000, 20:49:07.408, 1541900947408
207, -17.93, -26.89, -26.13, -20.79, -28.10, -26.06, -17.14, -19.76, 0.000, 0.000, 0.000, 20:49:07.408, 1541900947408
208, -17.81, -26.89, -26.17, -20.99, -28.52, -25.97, -17.08, -19.78, 0.000, 0.000, 0.000, 20:49:07.408, 1541900947408
0, 0.00, 0.00, 0.00, 0.00, 0.00, 0.00, 0.00, 0.00, -0.070, 1.004, 0.132, 20:49:08.738, 1541900948738
