%OpenBCI Raw EEG Data
%Number of channels = 8
%Sample Rate = 250.0 Hz
%First Column = SampleIndex
%Last Column = Timestamp 
%Other Columns = EEG data in microvolts followed by Accel Data (in G) interleaved with Aux Data
76, 0.00, -26.96, 0.00, 0.00, -28.32, -17.93, -24.34, -20.70, 0.000, 0.000, 0.000, 20:22:10.535, 1541899330535
126, 0.00, -27.05, 0.00, 0.00, -28.32, -17.97, -24.36, -20.59, 0.000, 0.000, 0.000, 20:22:16.321, 1541899336321
127, 0.00, -26.98, 0.00, 0.00, -28.52, -18.13, -24.72, -20.81, 0.080, 0.840, 0.448, 20:22:16.322, 1541899336322
128, 0.00, -27.05, 0.00, 0.00, -28.19, -17.88, -24.45, -20.99, 0.000, 0.000, 0.000, 20:22:16.322, 1541899336322
129, 0.00, -26.91, 0.00, 0.00, -28.16, -17.93, -24.30, -20.79, 0.000, 0.000, 0.000, 20:22:16.324, 1541899336324
130, 0.00, -26.84, 0.00, 0.00, -28.12, -18.06, -24.54, -20.54, 0.000, 0.000, 0.000, 20:22:16.325, 1541899336325
131, 0.00, -26.91, 0.00, 0.00, -28.01, -17.90, -24.56, -20.50, 0.000, 0.000, 0.000, 20:22:16.326, 1541899336326
132, 0.00, -26.98, 0.00, 0.00, -28.14, -18.04, -24.45, -20.76, 0.000, 0.000, 0.000, 20:22:16.326, 1541899336326
133, 0.00, -26.64, 0.00, 0.00, -28.36, -17.90, -24.48, -20.72, 0.000, 0.000, 0.000, 20:22:16.326, 1541899336326
134, 0.00, -26.87, 0.00, 0.00, -28.34, -17.93, -24.61, -20.76, 0.000, 0.000, 0.000, 20:22:16.326, 1541899336326
135, 0.00, -26.73, 0.00, 0.00, -27.94, -18.02, -24.61, -20.85, 0.000, 0.000, 0.000, 20:22:16.326, 1541899336326
136, 0.00, -26.76, 0.00, 0.00, -27.92, -18.13, -24.45, -20.68, 0.000, 0.000, 0.000, 20:22:16.326, 1541899336326
137, 0.00, -26.98, 0.00, 0.00, -28.10, -18.24, -24.36, -20.88, 0.000, 0.000, 0.000, 20:22:16.327, 1541899336327
138, 0.00, -26.98, 0.00, 0.00, -28.16, -18.02, -24.32, -20.85, 0.072, 0.838, 0.448, 20:22:16.327, 1541899336327
139, 0.00, -26.53, 0.00, 0.00, -28.01, -18.13, -24.45, -20.76, 0.000, 0.000, 0.000, 20:22:16.327, 1541899336327
140, 0.00, -26.73, 0.00, 0.00, -27.89, -18.15, -24.45, -20.50, 0.000, 0.000, 0.000, 20:22:16.327, 1541899336327
141, 0.00, -27.00, 0.00, 0.00, -28.32, -18.17, -24.41, -20.61, 0.000, 0.000, 0.000, 20:22:16.327, 1541899336327
142, 0.00, -27.09, 0.00, 0.00, -28.41, -18.08, -24.39, -20.52, 0.000, 0.000, 0.000, 20:22:16.327, 1541899336327
143, 0.00, -26.87, 0.00, 0.00, -28.21, -18.15, -24.63, -20.65, 0.000, 0.000, 0.000, 20:22:16.327, 1541899336327
144, 0.00, -26.96, 0.00, 0.00, -28.30, -18.02, -24.65, -20.83, 0.000, 0.000, 0.000, 20:22:16.327, 1541899336327
145, 0.00, -26.80, 0.00, 0.00, -28.27, -18.24, -24.52, -20.81, 0.000, 0.000, 0.000, 20:22:16.327, 1541899336327
146, 0.00, -26.80, 0.00, 0.00, -28.25, -18.15, -24.63, -20.61, 0.000, 0.000, 0.000, 20:22:16.328, 1541899336328
147, 0.00, -26.73, 0.00, 0.00, -28.25, -18.15, -24.48, -20.65, 0.000, 0.000, 0.000, 20:22:16.328, 1541899336328
148, 0.00, -26.87, 0.00, 0.00, -28.27, -18.19, -24.41, -20.61, 0.064, 0.838, 0.448, 20:22:16.328, 1541899336328
149, 0.00, -26.96, 0.00, 0.00, -28.36, -17.97, -24.36, -20.76, 0.000, 0.000, 0.000, 20:22:16.330, 1541899336330
150, 0.00, -27.07, 0.00, 0.00, -28.36, -18.08, -24.39, -20.85, 0.000, 0.000, 0.000, 20:22:16.330, 1541899336330
151, 0.00, -26.84, 0.00, 0.00, -28.12, -18.08, -24.56, -20.83, 0.000, 0.000, 0.000, 20:22:16.330, 1541899336330
152, 0.00, -26.73, 0.00, 0.00, -28.41, -17.86, -24.45, -20.99, 0.000, 0.000, 0.000, 20:22:16.333, 1541899336333
153, 0.00, -26.80, 0.00, 0.00, -28.25, -17.93, -24.23, -20.54, 0.000, 0.000, 0.000, 20:22:16.334, 1541899336334
154, 0.00, -26.91, 0.00, 0.00, -28.19, -17.97, -24.23, -20.72, 0.000, 0.000, 0.000, 20:22:16.334, 1541899336334
155, 0.00, -26.96, 0.00, 0.00, -28.25, -18.02, -24.27, -20.85, 0.000, 0.000, 0.000, 20:22:16.334, 1541899336334
156, 0.00, -26.91, 0.00, 0.00, -28.21, -18.02, -24.41, -20.70, 0.000, 0.000, 0.000, 20:22:16.334, 1541899336334
157, 0.00, -26.76, 0.00, 0.00, -28.27, -17.84, -24.65, -20.76, 0.000, 0.000, 0.000, 20:22:16.334, 1541899336334
158, 0.00, -26.91, 0.00, 0.00, -28.16, -18.02, -24.30, -20.83, 0.054, 0.844, 0.450, 20:22:16.334, 1541899336334
159, 0.00, -26.84, 0.00, 0.00, -28.12, -18.17, -24.25, -20.59, 0.000, 0.000, 0.000, 20:22:16.334, 1541899336334
160, 0.00, -26.84, 0.00, 0.00, -27.92, -18.08, -24.52, -20.88, 0.000, 0.000, 0.000, 20:22:16.334, 1541899336334
161, 0.00, -26.98, 0.00, 0.00, -28.03, -18.06, -24.63, -20.74, 0.000, 0.000, 0.000, 20:22:16.334, 1541899336334
162, 0.00, -26.96, 0.00, 0.00, -28.16, -18.15, -24.45, -20.97, 0.000, 0.000, 0.000, 20:22:16.334, 1541899336334
163, 0.00, -26.87, 0.00, 0.00, -28.25, -18.04, -24.43, -20.99, 0.000, 0.000, 0.000, 20:22:16.335, 1541899336335
164, 0.00, -27.00, 0.00, 0.00, -28.30, -17.97, -24.41, -20.65, 0.000, 0.000, 0.000, 20:22:16.335, 1541899336335
165, 0.00, -26.76, 0.00, 0.00, -28.39, -18.19, -24.41, -20.72, 0.000, 0.000, 0.000, 20:22:16.335, 1541899336335
166, 0.00, -26.80, 0.00, 0.00, -28.10, -18.08, -24.43, -20.90, 0.000, 0.000, 0.000, 20:22:16.335, 1541899336335
167, 0.00, -27.14, 0.00, 0.00, -28.16, -17.97, -24.45, -20.79, 0.000, 0.000, 0.000, 20:22:16.335, 1541899336335
168, 0.00, -27.16, 0.00, 0.00, -28.21, -18.04, -24.18, -20.70, 0.056, 0.840, 0.454, 20:22:16.337, 1541899336337
169, 0.00, -26.60, 0.00, 0.00, -28.03, -17.86, -24.34, -20.74, 0.000, 0.000, 0.000, 20:22:16.338, 1541899336338
170, 0.00, -26.80, 0.00, 0.00, -28.25, -18.08, -24.27, -20.70, 0.000, 0.000, 0.000, 20:22:16.338, 1541899336338
171, 0.00, -26.96, 0.00, 0.00, -28.30, -18.15, -24.34, -20.47, 0.000, 0.000, 0.000, 20:22:16.338, 1541899336338
172, 0.00, -26.76, 0.00, 0.00, -28.16, -18.24, -24.48, -20.45, 0.000, 0.000, 0.000, 20:22:16.338, 1541899336338
173, 0.00, -26.64, 0.00, 0.00, -28.34, -17.97, -24.61, -20.72, 0.000, 0.000, 0.000, 20:22:16.338, 1541899336338
174, 0.00, -26.76, 0.00, 0.00, -28.32, -17.79, -24.70, -20.97, 0.000, 0.000, 0.000, 20:22:16.338, 1541899336338
175, 0.00, -27.14, 0.00, 0.00, -28.21, -18.04, -24.34, -20.70, 0.000, 0.000, 0.000, 20:22:16.339, 1541899336339
176, 0.00, -27.29, 0.00, 0.00, -28.23, -18.02, -24.34, -20.56, 0.000, 0.000, 0.000, 20:22:16.339, 1541899336339
177, 0.00, -26.87, 0.00, 0.00, -28.30, -17.95, -24.39, -20.61, 0.000, 0.000, 0.000, 20:22:16.339, 1541899336339
178, 0.00, -26.98, 0.00, 0.00, -28.32, -18.13, -24.45, -20.65, 0.064, 0.848, 0.444, 20:22:16.339, 1541899336339
179, 0.00, -26.91, 0.00, 0.00, -28.07, -18.08, -24.52, -20.72, 0.000, 0.000, 0.000, 20:22:16.339, 1541899336339
180, 0.00, -27.07, 0.00, 0.00, -28.07, -18.19, -24.34, -20.61, 0.000, 0.000, 0.000, 20:22:16.339, 1541899336339
181, 0.00, -27.00, 0.00, 0.00, -28.03, -18.15, -24.61, -20.65, 0.000, 0.000, 0.000, 20:22:16.339, 1541899336339
182, 0.00, -27.02, 0.00, 0.00, -28.25, -18.08, -24.30, -20.76, 0.000, 0.000, 0.000, 20:22:16.344, 1541899336344
183, 0.00, -26.84, 0.00, 0.00, -28.25, -18.15, -24.30, -20.76, 0.000, 0.000, 0.000, 20:22:16.344, 1541899336344
184, 0.00, -26.98, 0.00, 0.00, -28.14, -17.97, -24.63, -20.94, 0.000, 0.000, 0.000, 20:22:16.352, 1541899336352
185, 0.00, -26.76, 0.00, 0.00, -27.87, -17.86, -24.70, -20.88, 0.000, 0.000, 0.000, 20:22:16.353, 1541899336353
186, 0.00, -26.96, 0.00, 0.00, -28.01, -18.22, -24.52, -20.81, 0.000, 0.000, 0.000, 20:22:16.354, 1541899336354
187, 0.00, -27.09, 0.00, 0.00, -28.25, -18.15, -24.32, -20.76, 0.000, 0.000, 0.000, 20:22:16.354, 1541899336354
188, 0.00, -27.02, 0.00, 0.00, -28.25, -18.13, -24.41, -20.81, 0.080, 0.848, 0.420, 20:22:16.355, 1541899336355
189, 0.00, -27.09, 0.00, 0.00, -28.34, -17.97, -24.65, -20.85, 0.000, 0.000, 0.000, 20:22:16.355, 1541899336355
190, 0.00, -27.07, 0.00, 0.00, -28.34, -17.99, -24.59, -20.83, 0.000, 0.000, 0.000, 20:22:16.356, 1541899336356
191, 0.00, -26.93, 0.00, 0.00, -28.10, -17.90, -24.59, -20.81, 0.000, 0.000, 0.000, 20:22:16.356, 1541899336356
192, 0.00, -27.07, 0.00, 0.00, -27.98, -17.90, -24.21, -20.92, 0.000, 0.000, 0.000, 20:22:16.357, 1541899336357
193, 0.00, -26.91, 0.00, 0.00, -28.25, -17.93, -24.12, -20.79, 0.000, 0.000, 0.000, 20:22:16.357, 1541899336357
194, 0.00, -26.78, 0.00, 0.00, -28.32, -18.19, -24.21, -20.81, 0.000, 0.000, 0.000, 20:22:16.358, 1541899336358
195, 0.00, -26.91, 0.00, 0.00, -28.21, -18.10, -24.45, -20.79, 0.000, 0.000, 0.000, 20:22:16.359, 1541899336359
196, 0.00, -26.87, 0.00, 0.00, -28.41, -18.15, -24.52, -20.94, 0.000, 0.000, 0.000, 20:22:16.359, 1541899336359
197, 0.00, -26.73, 0.00, 0.00, -28.41, -18.08, -24.50, -20.76, 0.000, 0.000, 0.000, 20:22:16.359, 1541899336359
198, 0.00, -26.82, 0.00, 0.00, -28.21, -18.24, -24.30, -20.81, 0.108, 0.844, 0.414, 20:22:16.359, 1541899336359
199, 0.00, -26.96, 0.00, 0.00, -28.21, -18.24, -24.45, -20.81, 0.000, 0.000, 0.000, 20:22:16.359, 1541899336359
200, 0.00, -26.91, 0.00, 0.00, -28.19, -17.93, -24.59, -20.72, 0.000, 0.000, 0.000, 20:22:16.359, 1541899336359
201, 0.00, -27.20, 0.00, 0.00, -28.21, -17.90, -24.63, -20.94, 0.000, 0.000, 0.000, 20:22:16.359, 1541899336359
202, 0.00, -26.93, 0.00, 0.00, -28.07, -18.08, -24.63, -20.72, 0.000, 0.000, 0.000, 20:22:16.359, 1541899336359
203, 0.00, -26.64, 0.00, 0.00, -28.19, -18.19, -24.45, -20.72, 0.000, 0.000, 0.000, 20:22:16.359, 1541899336359
204, 0.00, -26.87, 0.00, 0.00, -28.27, -18.19, -24.56, -20.50, 0.000, 0.000, 0.000, 20:22:16.359, 1541899336359
205, 0.00, -26.98, 0.00, 0.00, -28.23, -18.13, -24.50, -20.43, 0.000, 0.000, 0.000, 20:22:16.360, 1541899336360
206, 0.00, -26.87, 0.00, 0.00, -28.07, -18.17, -24.41, -20.65, 0.000, 0.000, 0.000, 20:22:16.360, 1541899336360
207, 0.00, -26.93, 0.00, 0.00, -28.03, -18.13, -24.56, -20.72, 0.000, 0.000, 0.000, 20:22:16.360, 1541899336360
208, 0.00, -26.96, 0.00, 0.00, -28.07, -17.97, -24.56, -20.94, 0.000, 0.000, 0.000, 20:22:16.360, 1541899336360
209, 0.00, -26.98, 0.00, 0.00, -28.03, -17.81, -24.56, -20.72, 0.120, 0.862, 0.414, 20:22:16.360, 1541899336360
210, 0.00, -26.76, 0.00, 0.00, -28.41, -17.95, -24.27, -20.81, 0.000, 0.000, 0.000, 20:22:16.360, 1541899336360
211, 0.00, -26.82, 0.00, 0.00, -28.41, -18.04, -24.39, -20.79, 0.000, 0.000, 0.000, 20:22:16.360, 1541899336360
212, 0.00, -26.64, 0.00, 0.00, -28.19, -18.04, -24.34, -20.70, 0.000, 0.000, 0.000, 20:22:16.360, 1541899336360
213, 0.00, -26.82, 0.00, 0.00, -28.25, -17.93, -24.41, -20.76, 0.000, 0.000, 0.000, 20:22:16.360, 1541899336360
214, 0.00, -26.67, 0.00, 0.00, -28.32, -17.90, -24.18, -20.59, 0.000, 0.000, 0.000, 20:22:16.379, 1541899336379
215, 0.00, -26.76, 0.00, 0.00, -28.41, -17.97, -24.23, -20.63, 0.000, 0.000, 0.000, 20:22:16.380, 1541899336380
216, 0.00, -26.84, 0.00, 0.00, -28.48, -18.24, -24.18, -20.38, 0.000, 0.000, 0.000, 20:22:16.381, 1541899336381
217, 0.00, -26.87, 0.00, 0.00, -28.19, -18.15, -24.36, -20.50, 0.000, 0.000, 0.000, 20:22:16.382, 1541899336382
218, 0.00, -26.84, 0.00, 0.00, -28.14, -18.08, -24.32, -20.70, 0.000, 0.000, 0.000, 20:22:16.382, 1541899336382
219, 0.00, -27.00, 0.00, 0.00, -28.27, -18.02, -24.59, -20.83, 0.118, 0.878, 0.444, 20:22:16.382, 1541899336382
220, 0.00, -27.07, 0.00, 0.00, -28.36, -17.88, -24.56, -20.83, 0.000, 0.000, 0.000, 20:22:16.382, 1541899336382
221, 0.00, -27.07, 0.00, 0.00, -28.43, -17.90, -24.61, -20.81, 0.000, 0.000, 0.000, 20:22:16.383, 1541899336383
222, 0.00, -27.05, 0.00, 0.00, -28.14, -17.88, -24.41, -20.68, 0.000, 0.000, 0.000, 20:22:16.384, 1541899336384
223, 0.00, -26.96, 0.00, 0.00, -28.05, -18.08, -24.52, -20.72, 0.000, 0.000, 0.000, 20:22:16.384, 1541899336384
224, 0.00, -26.84, 0.00, 0.00, -28.12, -18.24, -24.52, -20.65, 0.000, 0.000, 0.000, 20:22:16.385, 1541899336385
225, 0.00, -26.64, 0.00, 0.00, -28.19, -17.88, -24.70, -20.85, 0.000, 0.000, 0.000, 20:22:16.385, 1541899336385
226, 0.00, -26.64, 0.00, 0.00, -28.05, -17.93, -24.48, -20.74, 0.000, 0.000, 0.000, 20:22:16.386, 1541899336386
227, 0.00, -26.96, 0.00, 0.00, -28.14, -18.28, -24.50, -20.79, 0.000, 0.000, 0.000, 20:22:16.386, 1541899336386
228, 0.00, -27.07, 0.00, 0.00, -28.41, -18.13, -24.34, -20.63, 0.000, 0.000, 0.000, 20:22:16.386, 1541899336386
229, 0.00, -26.89, 0.00, 0.00, -28.21, -17.93, -24.43, -20.61, 0.074, 0.822, 0.468, 20:22:16.387, 1541899336387
230, 0.00, -26.89, 0.00, 0.00, -27.98, -18.19, -24.32, -20.59, 0.000, 0.000, 0.000, 20:22:16.388, 1541899336388
231, 0.00, -27.16, 0.00, 0.00, -28.07, -18.04, -24.23, -20.70, 0.000, 0.000, 0.000, 20:22:16.388, 1541899336388
232, 0.00, -26.84, 0.00, 0.00, -28.41, -17.90, -24.41, -20.61, 0.000, 0.000, 0.000, 20:22:16.389, 1541899336389
233, 0.00, -26.96, 0.00, 0.00, -28.25, -17.93, -24.21, -20.56, 0.000, 0.000, 0.000, 20:22:16.389, 1541899336389
234, 0.00, -27.09, 0.00, 0.00, -28.19, -17.93, -24.18, -20.85, 0.000, 0.000, 0.000, 20:22:16.390, 1541899336390
235, 0.00, -26.76, 0.00, 0.00, -28.16, -17.99, -24.43, -20.79, 0.000, 0.000, 0.000, 20:22:16.391, 1541899336391
236, 0.00, -26.64, 0.00, 0.00, -28.01, -18.13, -24.50, -20.74, 0.000, 0.000, 0.000, 20:22:16.392, 1541899336392
237, 0.00, -26.62, 0.00, 0.00, -28.10, -18.08, -24.25, -20.72, 0.000, 0.000, 0.000, 20:22:16.392, 1541899336392
238, 0.00, -26.78, 0.00, 0.00, -28.14, -18.13, -24.07, -20.83, 0.000, 0.000, 0.000, 20:22:16.392, 1541899336392
239, 0.00, -26.91, 0.00, 0.00, -28.30, -18.19, -24.39, -20.72, 0.096, 0.806, 0.488, 20:22:16.392, 1541899336392
240, 0.00, -26.91, 0.00, 0.00, -28.30, -18.06, -24.27, -20.65, 0.000, 0.000, 0.000, 20:22:16.392, 1541899336392
241, 0.00, -26.84, 0.00, 0.00, -28.32, -17.95, -24.61, -20.65, 0.000, 0.000, 0.000, 20:22:16.392, 1541899336392
242, 0.00, -26.80, 0.00, 0.00, -28.43, -17.79, -24.48, -20.74, 0.000, 0.000, 0.000, 20:22:16.394, 1541899336394
243, 0.00, -26.78, 0.00, 0.00, -28.10, -17.84, -24.27, -20.76, 0.000, 0.000, 0.000, 20:22:16.395, 1541899336395
244, 0.00, -26.98, 0.00, 0.00, -28.03, -18.31, -24.16, -20.63, 0.000, 0.000, 0.000, 20:22:16.395, 1541899336395
245, 0.00, -27.11, 0.00, 0.00, -28.16, -18.04, -24.30, -20.59, 0.000, 0.000, 0.000, 20:22:16.395, 1541899336395
246, 0.00, -26.84, 0.00, 0.00, -28.10, -17.95, -24.39, -20.43, 0.000, 0.000, 0.000, 20:22:16.395, 1541899336395
179, 0.00, -26.82, 0.00, 0.00, -27.98, -18.08, -24.54, -20.74, 0.000, 0.000, 0.000, 20:22:21.176, 1541899341176
180, 0.00, -27.00, 0.00, 0.00, -28.45, -18.35, -24.52, -20.83, 0.000, 0.000, 0.000, 20:22:21.651, 1541899341651
181, 0.00, -27.05, 0.00, 0.00, -28.32, -17.99, -24.39, -20.81, 0.000, 0.000, 0.000, 20:22:21.652, 1541899341652
182, 0.00, -26.80, 0.00, 0.00, -28.43, -18.10, -24.27, -20.65, 0.000, 0.000, 0.000, 20:22:21.652, 1541899341652
183, 0.00, -26.84, 0.00, 0.00, -28.43, -17.93, -24.30, -20.70, 0.000, 0.000, 0.000, 20:22:21.653, 1541899341653
184, 0.00, -27.02, 0.00, 0.00, -28.34, -17.90, -24.16, -20.76, 0.000, 0.000, 0.000, 20:22:21.653, 1541899341653
185, 0.00, -26.80, 0.00, 0.00, -28.36, -18.10, -24.32, -20.99, 0.000, 0.000, 0.000, 20:22:21.654, 1541899341654
186, 0.00, -26.91, 0.00, 0.00, -28.07, -18.17, -24.50, -20.76, 0.034, 0.776, 0.544, 20:22:21.654, 1541899341654
187, 0.00, -26.87, 0.00, 0.00, -28.34, -17.88, -24.43, -20.72, 0.000, 0.000, 0.000, 20:22:21.654, 1541899341654
188, 0.00, -26.89, 0.00, 0.00, -28.14, -17.97, -24.54, -20.59, 0.000, 0.000, 0.000, 20:22:21.656, 1541899341656
189, 0.00, -26.84, 0.00, 0.00, -28.25, -17.97, -24.63, -20.56, 0.000, 0.000, 0.000, 20:22:21.657, 1541899341657
190, 0.00, -26.93, 0.00, 0.00, -28.12, -18.08, -24.54, -20.74, 0.000, 0.000, 0.000, 20:22:21.657, 1541899341657
191, 0.00, -26.87, 0.00, 0.00, -27.94, -17.79, -24.43, -20.68, 0.000, 0.000, 0.000, 20:22:21.657, 1541899341657
192, 0.00, -26.89, 0.00, 0.00, -28.23, -17.72, -24.48, -20.59, 0.000, 0.000, 0.000, 20:22:21.657, 1541899341657
193, 0.00, -26.93, 0.00, 0.00, -28.45, -17.90, -24.61, -20.47, 0.000, 0.000, 0.000, 20:22:21.657, 1541899341657
194, 0.00, -27.02, 0.00, 0.00, -28.32, -18.13, -24.50, -20.65, 0.000, 0.000, 0.000, 20:22:21.659, 1541899341659
195, 0.00, -27.05, 0.00, 0.00, -28.36, -18.17, -24.45, -20.92, 0.000, 0.000, 0.000, 20:22:21.660, 1541899341660
196, 0.00, -26.91, 0.00, 0.00, -28.25, -17.97, -24.52, -20.72, 0.046, 0.786, 0.548, 20:22:21.661, 1541899341661
197, 0.00, -26.80, 0.00, 0.00, -28.14, -17.68, -24.52, -20.94, 0.000, 0.000, 0.000, 20:22:21.662, 1541899341662
198, 0.00, -26.93, 0.00, 0.00, -28.16, -17.77, -24.39, -20.81, 0.000, 0.000, 0.000, 20:22:21.662, 1541899341662
199, 0.00, -27.02, 0.00, 0.00, -28.12, -17.99, -24.43, -20.59, 0.000, 0.000, 0.000, 20:22:21.662, 1541899341662
200, 0.00, -26.96, 0.00, 0.00, -28.21, -18.19, -24.34, -20.65, 0.000, 0.000, 0.000, 20:22:21.662, 1541899341662
201, 0.00, -27.14, 0.00, 0.00, -28.01, -18.13, -24.34, -20.74, 0.000, 0.000, 0.000, 20:22:21.662, 1541899341662
202, 0.00, -26.98, 0.00, 0.00, -28.07, -17.97, -24.45, -20.99, 0.000, 0.000, 0.000, 20:22:21.662, 1541899341662
203, 0.00, -27.02, 0.00, 0.00, -28.34, -18.02, -24.52, -20.81, 0.000, 0.000, 0.000, 20:22:21.662, 1541899341662
204, 0.00, -26.93, 0.00, 0.00, -28.25, -17.81, -24.39, -20.52, 0.000, 0.000, 0.000, 20:22:21.662, 1541899341662
205, 0.00, -26.82, 0.00, 0.00, -28.19, -18.13, -24.50, -20.50, 0.000, 0.000, 0.000, 20:22:21.662, 1541899341662
206, 0.00, -26.91, 0.00, 0.00, -28.16, -18.08, -24.36, -20.50, 0.020, 0.772, 0.550, 20:22:21.662, 1541899341662
207, 0.00, -26.76, 0.00, 0.00, -28.27, -18.04, -24.50, -20.70, 0.000, 0.000, 0.000, 20:22:21.662, 1541899341662
208, 0.00, -26.64, 0.00, 0.00, -28.30, -18.13, -24.54, -20.59, 0.000, 0.000, 0.000, 20:22:21.663, 1541899341663
209, 0.00, -26.69, 0.00, 0.00, -28.10, -18.24, -24.41, -20.88, 0.000, 0.000, 0.000, 20:22:21.663, 1541899341663
210, 0.00, -26.78, 0.00, 0.00, -28.25, -17.95, -24.56, -20.99, 0.000, 0.000, 0.000, 20:22:21.663, 1541899341663
211, 0.00, -26.73, 0.00, 0.00, -28.36, -18.02, -24.43, -20.72, 0.000, 0.000, 0.000, 20:22:21.663, 1541899341663
212, 0.00, -26.69, 0.00, 0.00, -27.98, -18.04, -24.41, -20.72, 0.000, 0.000, 0.000, 20:22:21.667, 1541899341667
213, 0.00, -26.82, 0.00, 0.00, -27.98, -18.06, -24.61, -20.50, 0.000, 0.000, 0.000, 20:22:21.668, 1541899341668
214, 0.00, -26.73, 0.00, 0.00, -28.30, -18.15, -24.68, -20.70, 0.000, 0.000, 0.000, 20:22:21.668, 1541899341668
215, 0.00, -26.91, 0.00, 0.00, -28.23, -18.26, -24.72, -20.81, 0.000, 0.000, 0.000, 20:22:21.668, 1541899341668
216, 0.00, -26.69, 0.00, 0.00, -28.03, -18.26, -24.72, -20.81, 0.078, 0.784, 0.560, 20:22:21.668, 1541899341668
217, 0.00, -26.87, 0.00, 0.00, -28.30, -18.04, -24.48, -20.83, 0.000, 0.000, 0.000, 20:22:21.668, 1541899341668
218, 0.00, -26.96, 0.00, 0.00, -28.30, -18.10, -24.36, -20.72, 0.000, 0.000, 0.000, 20:22:21.668, 1541899341668
219, 0.00, -27.18, 0.00, 0.00, -28.19, -17.97, -24.45, -20.72, 0.000, 0.000, 0.000, 20:22:21.668, 1541899341668
220, 0.00, -27.18, 0.00, 0.00, -28.25, -17.93, -24.54, -20.68, 0.000, 0.000, 0.000, 20:22:21.668, 1541899341668
221, 0.00, -26.87, 0.00, 0.00, -28.10, -18.02, -24.65, -20.63, 0.000, 0.000, 0.000, 20:22:21.668, 1541899341668
222, 0.00, -26.91, 0.00, 0.00, -28.07, -18.13, -24.61, -20.74, 0.000, 0.000, 0.000, 20:22:21.668, 1541899341668
223, 0.00, -26.96, 0.00, 0.00, -27.98, -17.99, -24.61, -20.70, 0.000, 0.000, 0.000, 20:22:21.669, 1541899341669
224, 0.00, -26.96, 0.00, 0.00, -28.12, -18.06, -24.41, -20.76, 0.000, 0.000, 0.000, 20:22:21.669, 1541899341669
225, 0.00, -27.09, 0.00, 0.00, -28.03, -18.04, -24.54, -20.83, 0.000, 0.000, 0.000, 20:22:21.669, 1541899341669
226, 0.00, -27.09, 0.00, 0.00, -28.12, -18.06, -24.54, -20.81, 0.090, 0.770, 0.588, 20:22:21.669, 1541899341669
227, 0.00, -26.96, 0.00, 0.00, -28.21, -18.28, -24.61, -20.65, 0.000, 0.000, 0.000, 20:22:21.669, 1541899341669
228, 0.00, -26.93, 0.00, 0.00, -28.10, -18.17, -24.41, -20.72, 0.000, 0.000, 0.000, 20:22:21.669, 1541899341669
229, 0.00, -27.09, 0.00, 0.00, -28.39, -18.15, -24.56, -20.43, 0.000, 0.000, 0.000, 20:22:21.669, 1541899341669
230, 0.00, -27.09, 0.00, 0.00, -28.19, -18.13, -24.63, -20.72, 0.000, 0.000, 0.000, 20:22:21.669, 1541899341669
231, 0.00, -27.18, 0.00, 0.00, -28.07, -17.88, -24.63, -20.63, 0.000, 0.000, 0.000, 20:22:21.669, 1541899341669
232, 0.00, -27.02, 0.00, 0.00, -28.19, -17.93, -24.63, -20.65, 0.000, 0.000, 0.000, 20:22:21.669, 1541899341669
233, 0.00, -26.84, 0.00, 0.00, -28.32, -18.13, -24.56, -20.81, 0.000, 0.000, 0.000, 20:22:21.669, 1541899341669
234, 0.00, -26.69, 0.00, 0.00, -28.41, -17.97, -24.39, -20.65, 0.000, 0.000, 0.000, 20:22:21.670, 1541899341670
235, 0.00, -26.80, 0.00, 0.00, -28.10, -18.04, -24.39, -20.88, 0.000, 0.000, 0.000, 20:22:21.670, 1541899341670
236, 0.00, -26.73, 0.00, 0.00, -28.07, -17.95, -24.45, -20.70, 0.000, 0.000, 0.000, 20:22:21.670, 1541899341670
237, 0.00, -26.87, 0.00, 0.00, -28.07, -18.15, -24.43, -20.76, 0.066, 0.768, 0.572, 20:22:21.670, 1541899341670
238, 0.00, -27.00, 0.00, 0.00, -27.92, -17.90, -24.45, -20.72, 0.000, 0.000, 0.000, 20:22:21.670, 1541899341670
239, 0.00, -26.87, 0.00, 0.00, -28.12, -17.93, -24.56, -20.65, 0.000, 0.000, 0.000, 20:22:21.670, 1541899341670
240, 0.00, -26.91, 0.00, 0.00, -28.05, -17.97, -24.50, -20.70, 0.000, 0.000, 0.000, 20:22:21.670, 1541899341670
241, 0.00, -26.91, 0.00, 0.00, -28.14, -18.19, -24.45, -20.88, 0.000, 0.000, 0.000, 20:22:21.670, 1541899341670
242, 0.00, -26.98, 0.00, 0.00, -28.19, -18.26, -24.50, -20.70, 0.000, 0.000, 0.000, 20:22:21.670, 1541899341670
243, 0.00, -27.02, 0.00, 0.00, -27.98, -17.90, -24.52, -20.65, 0.000, 0.000, 0.000, 20:22:21.670, 1541899341670
244, 0.00, -26.93, 0.00, 0.00, -28.19, -18.08, -24.34, -20.79, 0.000, 0.000, 0.000, 20:22:21.670, 1541899341670
245, 0.00, -27.00, 0.00, 0.00, -28.01, -18.02, -24.63, -20.76, 0.000, 0.000, 0.000, 20:22:21.671, 1541899341671
246, 0.00, -26.91, 0.00, 0.00, -28.01, -18.15, -24.56, -20.61, 0.000, 0.000, 0.000, 20:22:21.671, 1541899341671
247, 0.00, -26.87, 0.00, 0.00, -28.21, -17.93, -24.45, -20.81, 0.022, 0.760, 0.554, 20:22:21.671, 1541899341671
248, 0.00, -27.09, 0.00, 0.00, -28.36, -18.08, -24.43, -20.90, 0.000, 0.000, 0.000, 20:22:21.671, 1541899341671
249, 0.00, -27.02, 0.00, 0.00, -28.27, -18.10, -24.48, -20.70, 0.000, 0.000, 0.000, 20:22:21.671, 1541899341671
250, 0.00, -26.89, 0.00, 0.00, -28.25, -18.15, -24.34, -20.72, 0.000, 0.000, 0.000, 20:22:21.671, 1541899341671
251, 0.00, -26.98, 0.00, 0.00, -28.50, -17.84, -24.23, -20.54, 0.000, 0.000, 0.000, 20:22:21.671, 1541899341671
252, 0.00, -27.02, 0.00, 0.00, -28.39, -17.93, -24.45, -20.83, 0.000, 0.000, 0.000, 20:22:21.671, 1541899341671
253, 0.00, -27.07, 0.00, 0.00, -28.43, -17.97, -24.48, -21.03, 0.000, 0.000, 0.000, 20:22:21.671, 1541899341671
254, 0.00, -27.02, 0.00, 0.00, -28.43, -17.93, -24.45, -20.76, 0.000, 0.000, 0.000, 20:22:21.671, 1541899341671
255, 0.00, -26.89, 0.00, 0.00, -28.25, -18.02, -24.27, -20.50, 0.000, 0.000, 0.000, 20:22:21.671, 1541899341671
0, 0.00, -26.91, 0.00, 0.00, -28.25, -18.13, -24.32, -20.70, 0.000, 0.000, 0.000, 20:22:21.672, 1541899341672
1, 0.00, -26.84, 0.00, 0.00, -28.25, -18.19, -24.45, -20.70, 0.034, 0.780, 0.548, 20:22:21.672, 1541899341672
2, 0.00, -26.84, 0.00, 0.00, -28.07, -18.02, -24.63, -20.88, 0.000, 0.000, 0.000, 20:22:21.672, 1541899341672
3, 0.00, -26.89, 0.00, 0.00, -28.16, -17.93, -24.45, -20.81, 0.000, 0.000, 0.000, 20:22:21.672, 1541899341672
4, 0.00, -26.98, 0.00, 0.00, -28.30, -18.08, -24.56, -20.85, 0.000, 0.000, 0.000, 20:22:21.672, 1541899341672
5, 0.00, -26.96, 0.00, 0.00, -28.21, -18.15, -24.50, -20.88, 0.000, 0.000, 0.000, 20:22:21.672, 1541899341672
6, 0.00, -26.91, 0.00, 0.00, -28.19, -17.88, -24.48, -20.70, 0.000, 0.000, 0.000, 20:22:21.672, 1541899341672
7, 0.00, -26.91, 0.00, 0.00, -28.03, -18.06, -24.61, -20.79, 0.000, 0.000, 0.000, 20:22:21.672, 1541899341672
8, 0.00, -27.02, 0.00, 0.00, -28.23, -18.22, -24.70, -20.83, 0.000, 0.000, 0.000, 20:22:21.672, 1541899341672
9, 0.00, -27.00, 0.00, 0.00, -28.41, -18.19, -24.52, -20.90, 0.000, 0.000, 0.000, 20:22:21.672, 1541899341672
10, 0.00, -26.98, 0.00, 0.00, -28.14, -17.93, -24.39, -20.74, 0.000, 0.000, 0.000, 20:22:21.672, 1541899341672
11, 0.00, -26.98, 0.00, 0.00, -28.32, -17.79, -24.36, -20.74, 0.012, 0.784, 0.548, 20:22:21.672, 1541899341672
12, 0.00, -26.89, 0.00, 0.00, -28.39, -17.90, -24.34, -20.81, 0.000, 0.000, 0.000, 20:22:21.673, 1541899341673
13, 0.00, -26.73, 0.00, 0.00, -28.07, -17.93, -24.43, -21.14, 0.000, 0.000, 0.000, 20:22:21.673, 1541899341673
14, 0.00, -26.73, 0.00, 0.00, -28.07, -17.88, -24.59, -20.81, 0.000, 0.000, 0.000, 20:22:21.673, 1541899341673
15, 0.00, -26.62, 0.00, 0.00, -28.19, -18.06, -24.41, -20.83, 0.000, 0.000, 0.000, 20:22:21.673, 1541899341673
16, 0.00, -26.64, 0.00, 0.00, -28.19, -18.17, -24.45, -21.06, 0.000, 0.000, 0.000, 20:22:21.673, 1541899341673
17, 0.00, -26.82, 0.00, 0.00, -28.36, -17.97, -24.30, -20.76, 0.000, 0.000, 0.000, 20:22:21.673, 1541899341673
18, 0.00, -26.87, 0.00, 0.00, -28.19, -18.08, -24.45, -20.76, 0.000, 0.000, 0.000, 20:22:21.673, 1541899341673
19, 0.00, -26.91, 0.00, 0.00, -28.10, -17.90, -24.59, -20.81, 0.000, 0.000, 0.000, 20:22:21.673, 1541899341673
20, 0.00, -27.14, 0.00, 0.00, -28.19, -17.84, -24.45, -20.90, 0.000, 0.000, 0.000, 20:22:21.673, 1541899341673
21, 0.00, -27.00, 0.00, 0.00, -28.36, -17.86, -24.45, -20.83, 0.042, 0.788, 0.542, 20:22:21.673, 1541899341673
22, 0.00, -27.02, 0.00, 0.00, -28.32, -17.97, -24.32, -20.72, 0.000, 0.000, 0.000, 20:22:21.674, 1541899341674
23, 0.00, -27.16, 0.00, 0.00, -28.10, -17.88, -24.36, -20.81, 0.000, 0.000, 0.000, 20:22:21.674, 1541899341674
24, 0.00, -27.00, 0.00, 0.00, -28.01, -17.79, -24.54, -20.65, 0.000, 0.000, 0.000, 20:22:21.674, 1541899341674
25, 0.00, -27.09, 0.00, 0.00, -28.25, -17.81, -24.56, -20.70, 0.000, 0.000, 0.000, 20:22:21.674, 1541899341674
26, 0.00, -27.11, 0.00, 0.00, -28.30, -17.95, -24.39, -20.83, 0.000, 0.000, 0.000, 20:22:21.674, 1541899341674
27, 0.00, -27.02, 0.00, 0.00, -28.07, -18.02, -24.50, -20.88, 0.000, 0.000, 0.000, 20:22:21.674, 1541899341674
28, 0.00, -26.84, 0.00, 0.00, -28.21, -18.10, -24.52, -20.70, 0.000, 0.000, 0.000, 20:22:21.681, 1541899341681
29, 0.00, -26.84, 0.00, 0.00, -28.05, -17.93, -24.61, -20.81, 0.000, 0.000, 0.000, 20:22:21.681, 1541899341681
30, 0.00, -26.84, 0.00, 0.00, -28.10, -17.93, -24.48, -20.76, 0.000, 0.000, 0.000, 20:22:21.681, 1541899341681
31, 0.00, -26.87, 0.00, 0.00, -28.32, -17.84, -24.56, -20.74, 0.022, 0.802, 0.556, 20:22:21.681, 1541899341681
32, 0.00, -26.80, 0.00, 0.00, -28.36, -17.77, -24.41, -20.88, 0.000, 0.000, 0.000, 20:22:21.682, 1541899341682
33, 0.00, -26.91, 0.00, 0.00, -28.07, -17.70, -24.43, -20.72, 0.000, 0.000, 0.000, 20:22:21.682, 1541899341682
34, 0.00, -26.96, 0.00, 0.00, -28.19, -17.72, -24.45, -20.81, 0.000, 0.000, 0.000, 20:22:21.682, 1541899341682
35, 0.00, -27.02, 0.00, 0.00, -28.36, -17.93, -24.56, -20.88, 0.000, 0.000, 0.000, 20:22:21.682, 1541899341682
36, 0.00, -27.18, 0.00, 0.00, -28.34, -18.15, -24.27, -20.92, 0.000, 0.000, 0.000, 20:22:21.682, 1541899341682
37, 0.00, -27.18, 0.00, 0.00, -28.36, -17.97, -24.45, -20.76, 0.000, 0.000, 0.000, 20:22:21.682, 1541899341682
38, 0.00, -27.02, 0.00, 0.00, -28.32, -17.84, -24.45, -20.92, 0.000, 0.000, 0.000, 20:22:21.682, 1541899341682
39, 0.00, -27.16, 0.00, 0.00, -28.10, -18.02, -24.41, -20.90, 0.000, 0.000, 0.000, 20:22:21.682, 1541899341682
40, 0.00, -27.07, 0.00, 0.00, -28.27, -18.08, -24.16, -20.83, 0.000, 0.000, 0.000, 20:22:21.682, 1541899341682
41, 0.00, -26.80, 0.00, 0.00, -28.16, -18.19, -24.23, -20.76, 0.016, 0.764, 0.542, 20:22:21.682, 1541899341682
42, 0.00, -26.73, 0.00, 0.00, -28.07, -18.19, -24.18, -20.72, 0.000, 0.000, 0.000, 20:22:21.682, 1541899341682
43, 0.00, -26.71, 0.00, 0.00, -28.19, -18.28, -24.27, -20.72, 0.000, 0.000, 0.000, 20:22:21.682, 1541899341682
44, 0.00, -27.02, 0.00, 0.00, -28.32, -18.15, -24.50, -20.81, 0.000, 0.000, 0.000, 20:22:21.979, 1541899341979
45, 0.00, -27.18, 0.00, 0.00, -28.25, -18.04, -24.48, -20.83, 0.000, 0.000, 0.000, 20:22:21.981, 1541899341981
46, 0.00, -26.98, 0.00, 0.00, -28.30, -17.70, -24.34, -20.88, 0.000, 0.000, 0.000, 20:22:21.981, 1541899341981
47, 0.00, -26.98, 0.00, 0.00, -28.32, -17.88, -24.59, -20.99, 0.000, 0.000, 0.000, 20:22:21.981, 1541899341981
48, 0.00, -26.96, 0.00, 0.00, -28.16, -18.02, -24.50, -20.83, 0.000, 0.000, 0.000, 20:22:21.981, 1541899341981
49, 0.00, -26.84, 0.00, 0.00, -28.14, -18.15, -24.48, -20.85, 0.000, 0.000, 0.000, 20:22:21.981, 1541899341981
50, 0.00, -26.91, 0.00, 0.00, -28.03, -18.02, -24.30, -20.79, 0.000, 0.000, 0.000, 20:22:21.981, 1541899341981
51, 0.00, -26.98, 0.00, 0.00, -28.25, -18.04, -24.65, -20.72, 0.000, 0.000, 0.000, 20:22:21.981, 1541899341981
52, 0.00, -26.76, 0.00, 0.00, -28.39, -18.08, -24.59, -20.72, 0.034, 0.768, 0.522, 20:22:21.981, 1541899341981
53, 0.00, -26.73, 0.00, 0.00, -28.19, -17.86, -24.59, -20.76, 0.000, 0.000, 0.000, 20:22:21.984, 1541899341984
54, 0.00, -26.96, 0.00, 0.00, -28.30, -17.75, -24.81, -20.99, 0.000, 0.000, 0.000, 20:22:21.985, 1541899341985
55, 0.00, -27.09, 0.00, 0.00, -28.36, -18.06, -24.63, -20.99, 0.000, 0.000, 0.000, 20:22:21.986, 1541899341986
56, 0.00, -27.00, 0.00, 0.00, -28.23, -18.15, -24.50, -20.72, 0.000, 0.000, 0.000, 20:22:21.988, 1541899341988
57, 0.00, -27.02, 0.00, 0.00, -28.10, -17.81, -24.61, -20.88, 0.000, 0.000, 0.000, 20:22:21.989, 1541899341989
58, 0.00, -26.87, 0.00, 0.00, -28.07, -17.90, -24.52, -21.03, 0.000, 0.000, 0.000, 20:22:21.990, 1541899341990
59, 0.00, -26.96, 0.00, 0.00, -28.05, -18.15, -24.30, -21.06, 0.000, 0.000, 0.000, 20:22:21.991, 1541899341991
60, 0.00, -26.87, 0.00, 0.00, -28.19, -17.97, -24.52, -21.06, 0.000, 0.000, 0.000, 20:22:21.991, 1541899341991
61, 0.00, -26.98, 0.00, 0.00, -27.98, -17.86, -24.52, -20.81, 0.000, 0.000, 0.000, 20:22:21.992, 1541899341992
62, 0.00, -26.73, 0.00, 0.00, -28.03, -17.93, -24.39, -20.59, 0.006, 0.784, 0.528, 20:22:21.992, 1541899341992
63, 0.00, -26.76, 0.00, 0.00, -28.12, -17.79, -24.41, -20.81, 0.000, 0.000, 0.000, 20:22:21.992, 1541899341992
64, 0.00, -26.84, 0.00, 0.00, -28.30, -17.77, -24.45, -20.76, 0.000, 0.000, 0.000, 20:22:21.994, 1541899341994
65, 0.00, -26.73, 0.00, 0.00, -28.30, -18.06, -24.30, -20.83, 0.000, 0.000, 0.000, 20:22:21.994, 1541899341994
66, 0.00, -26.84, 0.00, 0.00, -28.21, -18.04, -24.41, -20.83, 0.000, 0.000, 0.000, 20:22:21.994, 1541899341994
67, 0.00, -26.71, 0.00, 0.00, -28.07, -17.86, -24.56, -20.61, 0.000, 0.000, 0.000, 20:22:21.994, 1541899341994
68, 0.00, -26.87, 0.00, 0.00, -28.25, -17.79, -24.70, -20.54, 0.000, 0.000, 0.000, 20:22:21.994, 1541899341994
69, 0.00, -26.98, 0.00, 0.00, -28.32, -17.75, -24.61, -20.72, 0.000, 0.000, 0.000, 20:22:21.996, 1541899341996
70, 0.00, -26.96, 0.00, 0.00, -28.23, -18.19, -24.43, -20.81, 0.000, 0.000, 0.000, 20:22:21.996, 1541899341996
71, 0.00, -26.96, 0.00, 0.00, -27.94, -18.10, -24.52, -20.94, 0.000, 0.000, 0.000, 20:22:21.996, 1541899341996
72, 0.00, -26.98, 0.00, 0.00, -28.05, -17.86, -24.63, -20.70, 0.016, 0.780, 0.518, 20:22:21.997, 1541899341997
73, 0.00, -26.98, 0.00, 0.00, -28.10, -18.02, -24.79, -20.70, 0.000, 0.000, 0.000, 20:22:21.997, 1541899341997
74, 0.00, -26.89, 0.00, 0.00, -28.07, -18.17, -24.61, -20.76, 0.000, 0.000, 0.000, 20:22:21.998, 1541899341998
75, 0.00, -27.07, 0.00, 0.00, -28.25, -18.31, -24.52, -21.03, 0.000, 0.000, 0.000, 20:22:21.999, 1541899341999
76, 0.00, -26.93, 0.00, 0.00, -28.19, -18.17, -24.61, -20.83, 0.000, 0.000, 0.000, 20:22:22.000, 1541899342000
77, 0.00, -26.96, 0.00, 0.00, -28.14, -18.28, -24.54, -20.79, 0.000, 0.000, 0.000, 20:22:22.001, 1541899342001
78, 0.00, -26.80, 0.00, 0.00, -28.34, -18.24, -24.30, -20.70, 0.000, 0.000, 0.000, 20:22:22.015, 1541899342015
79, 0.00, -26.78, 0.00, 0.00, -28.43, -17.88, -24.45, -20.63, 0.000, 0.000, 0.000, 20:22:22.016, 1541899342016
80, 0.00, -26.73, 0.00, 0.00, -28.12, -18.02, -24.61, -20.61, 0.000, 0.000, 0.000, 20:22:22.016, 1541899342016
81, 0.00, -26.69, 0.00, 0.00, -28.19, -18.08, -24.54, -20.65, 0.000, 0.000, 0.000, 20:22:22.016, 1541899342016
82, 0.00, -26.73, 0.00, 0.00, -28.12, -18.31, -24.56, -20.88, 0.042, 0.780, 0.544, 20:22:22.017, 1541899342017
83, 0.00, -26.87, 0.00, 0.00, -27.92, -18.10, -24.50, -20.83, 0.000, 0.000, 0.000, 20:22:22.017, 1541899342017
84, 0.00, -26.93, 0.00, 0.00, -27.85, -18.13, -24.43, -20.47, 0.000, 0.000, 0.000, 20:22:22.017, 1541899342017
85, 0.00, -27.00, 0.00, 0.00, -28.07, -18.08, -24.54, -20.83, 0.000, 0.000, 0.000, 20:22:22.017, 1541899342017
86, 0.00, -27.16, 0.00, 0.00, -28.32, -18.19, -24.45, -21.06, 0.000, 0.000, 0.000, 20:22:22.017, 1541899342017
87, 0.00, -27.14, 0.00, 0.00, -28.23, -18.13, -24.63, -20.83, 0.000, 0.000, 0.000, 20:22:22.017, 1541899342017
88, 0.00, -27.09, 0.00, 0.00, -28.21, -18.04, -24.52, -20.72, 0.000, 0.000, 0.000, 20:22:22.018, 1541899342018
89, 0.00, -26.98, 0.00, 0.00, -28.27, -18.19, -24.30, -20.72, 0.000, 0.000, 0.000, 20:22:22.018, 1541899342018
90, 0.00, -26.76, 0.00, 0.00, -28.27, -18.08, -24.43, -20.65, 0.000, 0.000, 0.000, 20:22:22.018, 1541899342018
91, 0.00, -26.89, 0.00, 0.00, -28.19, -17.88, -24.39, -20.88, 0.000, 0.000, 0.000, 20:22:22.019, 1541899342019
92, 0.00, -26.87, 0.00, 0.00, -28.21, -17.97, -24.41, -21.10, 0.034, 0.778, 0.550, 20:22:22.019, 1541899342019
93, 0.00, -26.84, 0.00, 0.00, -28.34, -17.97, -24.45, -20.90, 0.000, 0.000, 0.000, 20:22:22.019, 1541899342019
94, 0.00, -27.07, 0.00, 0.00, -28.10, -17.90, -24.43, -20.72, 0.000, 0.000, 0.000, 20:22:22.019, 1541899342019
95, 0.00, -27.07, 0.00, 0.00, -27.98, -17.90, -24.52, -20.85, 0.000, 0.000, 0.000, 20:22:22.020, 1541899342020
96, 0.00, -26.91, 0.00, 0.00, -28.19, -18.15, -24.36, -20.70, 0.000, 0.000, 0.000, 20:22:22.021, 1541899342021
97, 0.00, -26.73, 0.00, 0.00, -28.48, -18.24, -24.39, -20.61, 0.000, 0.000, 0.000, 20:22:22.022, 1541899342022
98, 0.00, -26.82, 0.00, 0.00, -28.41, -18.13, -24.18, -20.50, 0.000, 0.000, 0.000, 20:22:22.022, 1541899342022
99, 0.00, -26.82, 0.00, 0.00, -28.10, -18.15, -24.21, -20.54, 0.000, 0.000, 0.000, 20:22:22.022, 1541899342022
100, 0.00, -26.82, 0.00, 0.00, -28.10, -18.17, -24.52, -20.74, 0.000, 0.000, 0.000, 20:22:22.022, 1541899342022
101, 0.00, -26.80, 0.00, 0.00, -28.23, -18.13, -24.43, -20.54, 0.000, 0.000, 0.000, 20:22:22.022, 1541899342022
102, 0.00, -26.73, 0.00, 0.00, -28.23, -18.15, -24.48, -20.59, 0.038, 0.780, 0.546, 20:22:22.022, 1541899342022
103, 0.00, -27.02, 0.00, 0.00, -28.21, -17.88, -24.48, -20.83, 0.000, 0.000, 0.000, 20:22:22.022, 1541899342022
104, 0.00, -27.07, 0.00, 0.00, -28.12, -18.08, -24.70, -20.61, 0.000, 0.000, 0.000, 20:22:22.022, 1541899342022
105, 0.00, -26.91, 0.00, 0.00, -28.03, -18.15, -24.01, -20.54, 0.000, 0.000, 0.000, 20:22:22.022, 1541899342022
106, 0.00, -26.76, 0.00, 0.00, -28.14, -18.13, -24.07, -20.65, 0.000, 0.000, 0.000, 20:22:22.023, 1541899342023
107, 0.00, -26.78, 0.00, 0.00, -28.07, -18.04, -24.30, -20.72, 0.000, 0.000, 0.000, 20:22:22.023, 1541899342023
108, 0.00, -26.89, 0.00, 0.00, -28.19, -18.02, -24.34, -20.61, 0.000, 0.000, 0.000, 20:22:22.023, 1541899342023
109, 0.00, -26.87, 0.00, 0.00, -28.05, -17.93, -24.52, -20.72, 0.000, 0.000, 0.000, 20:22:22.023, 1541899342023
110, 0.00, -26.89, 0.00, 0.00, -27.94, -17.97, -24.45, -20.81, 0.000, 0.000, 0.000, 20:22:22.024, 1541899342024
111, 0.00, -26.73, 0.00, 0.00, -28.21, -18.13, -24.59, -20.81, 0.000, 0.000, 0.000, 20:22:22.024, 1541899342024
112, 0.00, -26.82, 0.00, 0.00, -28.21, -17.93, -24.50, -20.50, 0.028, 0.790, 0.520, 20:22:22.024, 1541899342024
113, 0.00, -26.93, 0.00, 0.00, -28.21, -18.13, -24.36, -20.50, 0.000, 0.000, 0.000, 20:22:22.024, 1541899342024
114, 0.00, -27.09, 0.00, 0.00, -28.10, -18.22, -24.65, -20.68, 0.000, 0.000, 0.000, 20:22:22.024, 1541899342024
115, 0.00, -26.84, 0.00, 0.00, -28.14, -17.79, -24.63, -20.76, 0.000, 0.000, 0.000, 20:22:22.024, 1541899342024
116, 0.00, -27.02, 0.00, 0.00, -27.92, -18.06, -24.50, -20.88, 0.000, 0.000, 0.000, 20:22:22.024, 1541899342024
117, 0.00, -26.82, 0.00, 0.00, -28.14, -18.19, -24.52, -20.83, 0.000, 0.000, 0.000, 20:22:22.024, 1541899342024
118, 0.00, -26.84, 0.00, 0.00, -28.25, -18.08, -24.41, -20.76, 0.000, 0.000, 0.000, 20:22:22.024, 1541899342024
119, 0.00, -26.84, 0.00, 0.00, -28.10, -18.19, -24.50, -20.88, 0.000, 0.000, 0.000, 20:22:22.024, 1541899342024
120, 0.00, -27.02, 0.00, 0.00, -28.21, -18.33, -24.63, -20.79, 0.000, 0.000, 0.000, 20:22:22.025, 1541899342025
121, 0.00, -27.07, 0.00, 0.00, -28.32, -18.26, -24.54, -20.76, 0.000, 0.000, 0.000, 20:22:22.025, 1541899342025
122, 0.00, -27.02, 0.00, 0.00, -28.14, -18.22, -24.48, -20.81, 0.000, 0.000, 0.000, 20:22:22.025, 1541899342025
35, 0.00, -26.55, 0.00, 0.00, -28.48, -18.08, -24.18, -20.54, 0.000, 0.000, 0.000, 20:22:27.207, 1541899347207
36, 0.00, -26.82, 0.00, 0.00, -28.25, -17.97, -24.27, -20.74, 0.000, 0.000, 0.000, 20:22:27.207, 1541899347207
37, 0.00, -26.82, 0.00, 0.00, -28.07, -18.04, -24.41, -20.94, 0.000, 0.000, 0.000, 20:22:27.207, 1541899347207
38, 0.00, -26.87, 0.00, 0.00, -28.32, -17.93, -24.34, -20.70, 0.000, 0.000, 0.000, 20:22:27.207, 1541899347207
39, 0.00, -27.02, 0.00, 0.00, -28.25, -18.06, -24.61, -20.65, 0.074, 0.868, 0.374, 20:22:27.207, 1541899347207
40, 0.00, -26.91, 0.00, 0.00, -28.21, -18.13, -24.68, -20.56, 0.000, 0.000, 0.000, 20:22:27.207, 1541899347207
41, 0.00, -26.87, 0.00, 0.00, -28.32, -17.93, -24.79, -20.76, 0.000, 0.000, 0.000, 20:22:27.208, 1541899347208
42, 0.00, -26.64, 0.00, 0.00, -28.32, -17.84, -24.52, -20.50, 0.000, 0.000, 0.000, 20:22:27.208, 1541899347208
43, 0.00, -26.89, 0.00, 0.00, -28.43, -17.81, -24.41, -20.61, 0.000, 0.000, 0.000, 20:22:27.208, 1541899347208
44, 0.00, -27.18, 0.00, 0.00, -28.19, -18.08, -24.50, -20.54, 0.000, 0.000, 0.000, 20:22:27.208, 1541899347208
45, 0.00, -27.09, 0.00, 0.00, -28.21, -18.06, -24.36, -20.81, 0.000, 0.000, 0.000, 20:22:27.208, 1541899347208
46, 0.00, -27.18, 0.00, 0.00, -28.23, -18.02, -24.27, -20.92, 0.000, 0.000, 0.000, 20:22:27.208, 1541899347208
47, 0.00, -27.02, 0.00, 0.00, -27.96, -17.99, -24.41, -20.92, 0.000, 0.000, 0.000, 20:22:27.208, 1541899347208
48, 0.00, -27.00, 0.00, 0.00, -28.19, -18.02, -24.27, -20.90, 0.000, 0.000, 0.000, 20:22:27.208, 1541899347208
49, 0.00, -27.05, 0.00, 0.00, -28.21, -17.97, -24.56, -20.65, 0.090, 0.880, 0.334, 20:22:27.208, 1541899347208
50, 0.00, -27.07, 0.00, 0.00, -27.96, -18.13, -24.68, -20.61, 0.000, 0.000, 0.000, 20:22:27.208, 1541899347208
51, 0.00, -27.02, 0.00, 0.00, -28.01, -18.26, -24.52, -20.63, 0.000, 0.000, 0.000, 20:22:27.209, 1541899347209
52, 0.00, -26.93, 0.00, 0.00, -28.34, -18.13, -24.32, -20.70, 0.000, 0.000, 0.000, 20:22:27.209, 1541899347209
53, 0.00, -26.89, 0.00, 0.00, -28.14, -17.84, -24.27, -20.92, 0.000, 0.000, 0.000, 20:22:27.209, 1541899347209
54, 0.00, -26.84, 0.00, 0.00, -28.14, -17.97, -24.52, -20.94, 0.000, 0.000, 0.000, 20:22:27.209, 1541899347209
55, 0.00, -26.80, 0.00, 0.00, -28.21, -18.08, -24.63, -20.65, 0.000, 0.000, 0.000, 20:22:27.209, 1541899347209
56, 0.00, -26.87, 0.00, 0.00, -28.30, -18.13, -24.41, -20.81, 0.000, 0.000, 0.000, 20:22:27.210, 1541899347210
57, 0.00, -26.80, 0.00, 0.00, -27.98, -18.02, -24.52, -20.63, 0.000, 0.000, 0.000, 20:22:27.210, 1541899347210
58, 0.00, -26.87, 0.00, 0.00, -28.01, -17.88, -24.48, -20.81, 0.000, 0.000, 0.000, 20:22:27.210, 1541899347210
59, 0.00, -26.89, 0.00, 0.00, -28.30, -17.95, -24.56, -20.61, 0.092, 0.896, 0.314, 20:22:27.210, 1541899347210
60, 0.00, -26.98, 0.00, 0.00, -28.19, -18.19, -24.43, -20.68, 0.000, 0.000, 0.000, 20:22:27.211, 1541899347211
61, 0.00, -26.87, 0.00, 0.00, -28.14, -18.22, -24.45, -20.54, 0.000, 0.000, 0.000, 20:22:27.213, 1541899347213
62, 0.00, -27.02, 0.00, 0.00, -28.21, -18.10, -24.54, -20.61, 0.000, 0.000, 0.000, 20:22:27.213, 1541899347213
63, 0.00, -26.96, 0.00, 0.00, -28.23, -18.08, -24.54, -20.61, 0.000, 0.000, 0.000, 20:22:27.214, 1541899347214
64, 0.00, -26.87, 0.00, 0.00, -28.27, -17.95, -24.34, -20.94, 0.000, 0.000, 0.000, 20:22:27.214, 1541899347214
65, 0.00, -26.96, 0.00, 0.00, -28.30, -18.13, -24.34, -20.88, 0.000, 0.000, 0.000, 20:22:27.214, 1541899347214
66, 0.00, -27.02, 0.00, 0.00, -28.27, -17.88, -24.34, -20.81, 0.000, 0.000, 0.000, 20:22:27.217, 1541899347217
67, 0.00, -27.05, 0.00, 0.00, -28.25, -17.97, -23.98, -20.68, 0.000, 0.000, 0.000, 20:22:27.218, 1541899347218
68, 0.00, -26.69, 0.00, 0.00, -28.12, -18.15, -24.18, -20.61, 0.000, 0.000, 0.000, 20:22:27.218, 1541899347218
69, 0.00, -26.98, 0.00, 0.00, -28.07, -17.97, -24.39, -20.88, 0.098, 0.900, 0.322, 20:22:27.218, 1541899347218
70, 0.00, -26.91, 0.00, 0.00, -28.34, -17.97, -24.34, -20.81, 0.000, 0.000, 0.000, 20:22:27.219, 1541899347219
71, 0.00, -26.76, 0.00, 0.00, -28.23, -17.88, -24.39, -20.72, 0.000, 0.000, 0.000, 20:22:27.219, 1541899347219
72, 0.00, -26.98, 0.00, 0.00, -28.21, -17.84, -24.50, -20.61, 0.000, 0.000, 0.000, 20:22:27.219, 1541899347219
73, 0.00, -26.84, 0.00, 0.00, -28.01, -17.97, -24.50, -20.88, 0.000, 0.000, 0.000, 20:22:27.219, 1541899347219
74, 0.00, -26.73, 0.00, 0.00, -27.89, -18.02, -24.61, -20.88, 0.000, 0.000, 0.000, 20:22:27.219, 1541899347219
75, 0.00, -26.93, 0.00, 0.00, -28.19, -18.15, -24.45, -20.63, 0.000, 0.000, 0.000, 20:22:27.219, 1541899347219
76, 0.00, -26.84, 0.00, 0.00, -28.32, -18.02, -24.30, -20.72, 0.000, 0.000, 0.000, 20:22:27.219, 1541899347219
77, 0.00, -26.89, 0.00, 0.00, -28.25, -17.99, -24.36, -20.54, 0.000, 0.000, 0.000, 20:22:27.220, 1541899347220
78, 0.00, -26.89, 0.00, 0.00, -28.10, -18.08, -24.52, -20.61, 0.000, 0.000, 0.000, 20:22:27.220, 1541899347220
79, 0.00, -26.84, 0.00, 0.00, -28.07, -18.15, -24.61, -20.83, 0.100, 0.912, 0.336, 20:22:27.220, 1541899347220
80, 0.00, -26.87, 0.00, 0.00, -27.98, -17.95, -24.63, -21.08, 0.000, 0.000, 0.000, 20:22:27.221, 1541899347221
81, 0.00, -26.93, 0.00, 0.00, -28.12, -17.97, -24.65, -20.85, 0.000, 0.000, 0.000, 20:22:27.222, 1541899347222
82, 0.00, -27.05, 0.00, 0.00, -28.25, -18.15, -24.34, -20.65, 0.000, 0.000, 0.000, 20:22:27.223, 1541899347223
83, 0.00, -26.98, 0.00, 0.00, -28.23, -18.13, -24.32, -20.81, 0.000, 0.000, 0.000, 20:22:27.223, 1541899347223
84, 0.00, -26.91, 0.00, 0.00, -28.21, -17.75, -24.41, -20.76, 0.000, 0.000, 0.000, 20:22:27.224, 1541899347224
85, 0.00, -26.91, 0.00, 0.00, -28.25, -17.93, -24.54, -20.56, 0.000, 0.000, 0.000, 20:22:27.224, 1541899347224
86, 0.00, -26.91, 0.00, 0.00, -28.12, -17.95, -24.61, -20.72, 0.000, 0.000, 0.000, 20:22:27.224, 1541899347224
87, 0.00, -26.55, 0.00, 0.00, -27.98, -17.97, -24.45, -20.74, 0.000, 0.000, 0.000, 20:22:27.224, 1541899347224
88, 0.00, -26.55, 0.00, 0.00, -28.01, -18.08, -24.23, -20.83, 0.000, 0.000, 0.000, 20:22:27.224, 1541899347224
89, 0.00, -26.82, 0.00, 0.00, -28.21, -18.04, -24.32, -20.72, 0.000, 0.000, 0.000, 20:22:27.225, 1541899347225
90, 0.00, -26.89, 0.00, 0.00, -28.16, -17.93, -24.50, -20.72, 0.098, 0.906, 0.364, 20:22:27.225, 1541899347225
91, 0.00, -27.20, 0.00, 0.00, -28.03, -17.81, -24.45, -20.83, 0.000, 0.000, 0.000, 20:22:27.225, 1541899347225
92, 0.00, -27.14, 0.00, 0.00, -28.14, -17.99, -24.41, -20.83, 0.000, 0.000, 0.000, 20:22:27.225, 1541899347225
93, 0.00, -26.80, 0.00, 0.00, -28.21, -17.93, -24.34, -20.72, 0.000, 0.000, 0.000, 20:22:27.225, 1541899347225
94, 0.00, -26.91, 0.00, 0.00, -28.23, -17.93, -24.48, -20.61, 0.000, 0.000, 0.000, 20:22:27.226, 1541899347226
95, 0.00, -26.80, 0.00, 0.00, -28.03, -17.81, -24.56, -20.65, 0.000, 0.000, 0.000, 20:22:27.226, 1541899347226
96, 0.00, -26.91, 0.00, 0.00, -27.92, -17.97, -24.56, -20.79, 0.000, 0.000, 0.000, 20:22:27.226, 1541899347226
97, 0.00, -26.91, 0.00, 0.00, -28.19, -17.86, -24.50, -20.72, 0.000, 0.000, 0.000, 20:22:27.228, 1541899347228
98, 0.00, -26.98, 0.00, 0.00, -27.96, -17.75, -24.36, -20.81, 0.000, 0.000, 0.000, 20:22:27.231, 1541899347231
99, 0.00, -26.96, 0.00, 0.00, -27.92, -17.97, -24.45, -20.88, 0.000, 0.000, 0.000, 20:22:27.231, 1541899347231
100, 0.00, -26.89, 0.00, 0.00, -28.12, -18.19, -24.39, -20.97, 0.066, 0.890, 0.388, 20:22:27.231, 1541899347231
101, 0.00, -26.76, 0.00, 0.00, -28.43, -17.97, -24.52, -20.88, 0.000, 0.000, 0.000, 20:22:27.231, 1541899347231
102, 0.00, -26.82, 0.00, 0.00, -28.27, -18.04, -24.61, -20.94, 0.000, 0.000, 0.000, 20:22:27.231, 1541899347231
103, 0.00, -26.89, 0.00, 0.00, -28.07, -17.97, -24.65, -20.85, 0.000, 0.000, 0.000, 20:22:27.231, 1541899347231
104, 0.00, -26.98, 0.00, 0.00, -28.23, -18.08, -24.45, -20.79, 0.000, 0.000, 0.000, 20:22:27.231, 1541899347231
105, 0.00, -27.09, 0.00, 0.00, -28.25, -18.08, -24.34, -20.76, 0.000, 0.000, 0.000, 20:22:27.231, 1541899347231
106, 0.00, -26.80, 0.00, 0.00, -28.19, -18.13, -24.27, -20.88, 0.000, 0.000, 0.000, 20:22:27.232, 1541899347232
107, 0.00, -26.62, 0.00, 0.00, -28.19, -18.15, -24.25, -20.50, 0.000, 0.000, 0.000, 20:22:27.232, 1541899347232
108, 0.00, -26.98, 0.00, 0.00, -28.25, -17.93, -24.27, -20.61, 0.000, 0.000, 0.000, 20:22:27.232, 1541899347232
109, 0.00, -27.02, 0.00, 0.00, -28.10, -18.08, -24.63, -20.79, 0.000, 0.000, 0.000, 20:22:27.232, 1541899347232
110, 0.00, -26.96, 0.00, 0.00, -28.10, -17.99, -24.68, -20.72, 0.034, 0.858, 0.416, 20:22:27.232, 1541899347232
111, 0.00, -26.80, 0.00, 0.00, -28.27, -17.93, -24.63, -20.63, 0.000, 0.000, 0.000, 20:22:27.232, 1541899347232
112, 0.00, -26.84, 0.00, 0.00, -28.16, -17.88, -24.52, -20.70, 0.000, 0.000, 0.000, 20:22:27.233, 1541899347233
113, 0.00, -26.93, 0.00, 0.00, -28.05, -17.86, -24.30, -20.70, 0.000, 0.000, 0.000, 20:22:27.233, 1541899347233
114, 0.00, -26.87, 0.00, 0.00, -28.16, -18.10, -24.23, -20.61, 0.000, 0.000, 0.000, 20:22:27.233, 1541899347233
115, 0.00, -26.98, 0.00, 0.00, -28.34, -18.04, -24.34, -20.79, 0.000, 0.000, 0.000, 20:22:27.233, 1541899347233
116, 0.00, -26.87, 0.00, 0.00, -27.89, -17.88, -24.43, -20.61, 0.000, 0.000, 0.000, 20:22:27.233, 1541899347233
117, 0.00, -26.91, 0.00, 0.00, -27.92, -17.88, -24.70, -20.45, 0.000, 0.000, 0.000, 20:22:27.233, 1541899347233
118, 0.00, -27.07, 0.00, 0.00, -28.14, -17.86, -24.59, -20.70, 0.000, 0.000, 0.000, 20:22:27.233, 1541899347233
119, 0.00, -26.82, 0.00, 0.00, -28.32, -17.97, -24.50, -20.70, 0.000, 0.000, 0.000, 20:22:27.233, 1541899347233
120, 0.00, -26.84, 0.00, 0.00, -28.14, -18.08, -24.21, -20.79, 0.034, 0.850, 0.454, 20:22:27.234, 1541899347234
121, 0.00, -27.14, 0.00, 0.00, -27.98, -18.06, -24.03, -20.70, 0.000, 0.000, 0.000, 20:22:27.234, 1541899347234
122, 0.00, -27.20, 0.00, 0.00, -28.12, -18.04, -24.43, -20.83, 0.000, 0.000, 0.000, 20:22:27.235, 1541899347235
123, 0.00, -26.89, 0.00, 0.00, -28.14, -18.08, -24.50, -20.72, 0.000, 0.000, 0.000, 20:22:27.235, 1541899347235
124, 0.00, -26.80, 0.00, 0.00, -28.21, -17.90, -24.68, -20.65, 0.000, 0.000, 0.000, 20:22:27.236, 1541899347236
125, 0.00, -26.87, 0.00, 0.00, -28.05, -18.08, -24.50, -20.65, 0.000, 0.000, 0.000, 20:22:27.236, 1541899347236
126, 0.00, -26.91, 0.00, 0.00, -28.16, -18.06, -24.43, -20.92, 0.000, 0.000, 0.000, 20:22:27.236, 1541899347236
127, 0.00, -27.20, 0.00, 0.00, -28.36, -17.81, -24.50, -20.74, 0.000, 0.000, 0.000, 20:22:27.236, 1541899347236
128, 0.00, -27.02, 0.00, 0.00, -28.48, -17.86, -24.50, -20.68, 0.000, 0.000, 0.000, 20:22:27.236, 1541899347236
129, 0.00, -26.93, 0.00, 0.00, -28.57, -17.86, -24.61, -20.85, 0.000, 0.000, 0.000, 20:22:27.236, 1541899347236
130, 0.00, -26.91, 0.00, 0.00, -28.30, -17.72, -24.45, -21.03, 0.032, 0.804, 0.496, 20:22:27.236, 1541899347236
131, 0.00, -26.91, 0.00, 0.00, -28.23, -17.75, -24.39, -20.74, 0.000, 0.000, 0.000, 20:22:27.236, 1541899347236
132, 0.00, -27.07, 0.00, 0.00, -28.25, -18.10, -24.50, -20.88, 0.000, 0.000, 0.000, 20:22:27.236, 1541899347236
133, 0.00, -27.05, 0.00, 0.00, -28.34, -18.08, -24.68, -20.81, 0.000, 0.000, 0.000, 20:22:27.237, 1541899347237
134, 0.00, -27.02, 0.00, 0.00, -28.27, -17.97, -24.72, -20.52, 0.000, 0.000, 0.000, 20:22:27.237, 1541899347237
135, 0.00, -27.07, 0.00, 0.00, -28.43, -18.10, -24.50, -20.63, 0.000, 0.000, 0.000, 20:22:27.237, 1541899347237
136, 0.00, -27.20, 0.00, 0.00, -28.63, -18.02, -24.56, -20.88, 0.000, 0.000, 0.000, 20:22:27.237, 1541899347237
137, 0.00, -26.89, 0.00, 0.00, -28.05, -18.06, -24.79, -20.68, 0.000, 0.000, 0.000, 20:22:27.237, 1541899347237
138, 0.00, -26.84, 0.00, 0.00, -27.83, -17.99, -24.56, -20.74, 0.000, 0.000, 0.000, 20:22:27.237, 1541899347237
139, 0.00, -26.96, 0.00, 0.00, -28.01, -18.06, -24.54, -20.70, 0.000, 0.000, 0.000, 20:22:27.237, 1541899347237
140, 0.00, -26.78, 0.00, 0.00, -28.16, -18.06, -24.41, -20.59, 0.076, 0.794, 0.536, 20:22:27.237, 1541899347237
141, 0.00, -26.91, 0.00, 0.00, -28.12, -17.99, -24.77, -20.88, 0.000, 0.000, 0.000, 20:22:27.238, 1541899347238
142, 0.00, -27.00, 0.00, 0.00, -28.21, -18.02, -24.61, -20.65, 0.000, 0.000, 0.000, 20:22:27.238, 1541899347238
143, 0.00, -26.98, 0.00, 0.00, -28.32, -18.06, -24.39, -20.83, 0.000, 0.000, 0.000, 20:22:27.238, 1541899347238
144, 0.00, -26.96, 0.00, 0.00, -28.30, -18.06, -24.21, -20.99, 0.000, 0.000, 0.000, 20:22:27.238, 1541899347238
145, 0.00, -27.22, 0.00, 0.00, -28.52, -17.95, -24.39, -20.61, 0.000, 0.000, 0.000, 20:22:27.238, 1541899347238
146, 0.00, -27.11, 0.00, 0.00, -28.23, -18.08, -24.50, -20.81, 0.000, 0.000, 0.000, 20:22:27.238, 1541899347238
147, 0.00, -26.76, 0.00, 0.00, -28.25, -17.97, -24.39, -20.90, 0.000, 0.000, 0.000, 20:22:27.238, 1541899347238
148, 0.00, -26.84, 0.00, 0.00, -28.10, -18.15, -24.54, -20.72, 0.000, 0.000, 0.000, 20:22:27.238, 1541899347238
149, 0.00, -26.84, 0.00, 0.00, -28.14, -18.13, -24.39, -20.5